Year	Month	Tmax	Tmin	PAR	Prec	CO2	O3
1200-1949	1	-2.48999999999995	-13.34	436.01	81.75	390	0
1200-1949	2	-0.599999999999966	-12.14	559.47	70.58	390	0
1200-1949	3	4.71000000000004	-6.08999999999997	678.58	158.99	390	0
1200-1949	4	12.52	0.550000000000011	699.21	145.76	390	0
1200-1949	5	17.73	6.06	696.59	114.77	390	0
1200-1949	6	22.18	10.16	807	56.51	390	0
1200-1949	7	24.09	12.44	783.84	86.78	390	0
1200-1949	8	23.59	11.04	820.75	96.06	390	0
1200-1949	9	21.72	9.59000000000003	678.16	162.77	390	0
1200-1949	10	15.27	4.18000000000001	485.1	162.13	390	0
1200-1949	11	9.26000000000005	-1.32999999999998	463.16	57.5	390	0
1200-1949	12	-0.799999999999955	-10.53	357.58	72.68	390	0
1950	1	-2.49	-13.34	436.01	81.75	390	0
1950	2	-0.6	-12.14	559.47	70.58	390	0
1950	3	4.71	-6.09	678.58	158.99	390	0
1950	4	12.52	0.55	699.21	145.76	390	0
1950	5	17.73	6.06	696.59	114.77	390	0
1950	6	22.18	10.16	807	56.51	390	0
1950	7	24.09	12.44	783.84	86.78	390	0
1950	8	23.59	11.04	820.75	96.06	390	0
1950	9	21.72	9.59	678.16	162.77	390	0
1950	10	15.27	4.18	485.1	162.13	390	0
1950	11	9.26	-1.33	463.16	57.5	390	0
1950	12	-0.8	-10.53	357.58	72.68	390	0
1951	1	-0.77	-10.22	373.78	131.42	390	0
1951	2	0.01	-10.2	408.57	176.75	390	0
1951	3	4.74	-4.66	605.62	127.43	390	0
1951	4	12.99	0.48	797.15	51.27	390	0
1951	5	17.62	6.27	704.53	97.94	390	0
1951	6	23.1	11.07	763.52	74.49	390	0
1951	7	24.2	11.61	851.54	75	390	0
1951	8	23.26	11.54	753.99	188.23	390	0
1951	9	20.67	8.41	670.57	81.99	390	0
1951	10	15.78	4	515.95	129.39	390	0
1951	11	4.66	-5.12	475.2	80.79	390	0
1951	12	1.38	-8.99	390.37	111.7	390	0
1952	1	0.8	-10.5	383.91	112.83	390	0
1952	2	1.06	-10.76	546.04	46.96	390	0
1952	3	5.09	-5.8	727.74	76.59	390	0
1952	4	10.2	-1.05	684.22	137.19	390	0
1952	5	20.27	7.5	663.47	142.35	390	0
1952	6	21.39	9.94	734.24	181.64	390	0
1952	7	23.32	11.85	753.68	149.51	390	0
1952	8	24.23	12.49	764.61	155.3	390	0
1952	9	19.19	7.84	678.92	100.38	390	0
1952	10	12.43	1.21	565.01	134.56	390	0
1952	11	3.44	-6.02	432.05	112.35	390	0
1952	12	-1.62	-11.41	374.78	45.17	390	0
1953	1	-0.79	-12.82	401.53	180.64	390	0
1953	2	-4.33	-16.77	518.09	52.87	390	0
1953	3	3.72	-6.35	656.19	143.35	390	0
1953	4	12.24	0.37	738.66	83.55	390	0
1953	5	18.09	5.32	735.03	151.01	390	0
1953	6	24.86	12.67	774.69	95.62	390	0
1953	7	25.7	13.18	838.08	92.25	390	0
1953	8	25.5	12.24	847.34	27.98	390	0
1953	9	19.63	6.57	712.76	166	390	0
1953	10	14.99	3.87	503.88	131.44	390	0
1953	11	5.17	-4.05	423.22	114.59	390	0
1953	12	-1.2	-10.63	378.43	89.98	390	0
1954	1	-2.6	-13.06	384.67	52.31	390	0
1954	2	-1.12	-11.92	525.21	30.29	390	0
1954	3	4.95	-6.4	670.82	101.82	390	0
1954	4	11.81	-0.08	736.2	137.33	390	0
1954	5	18.23	5.41	770.9	113.02	390	0
1954	6	21.93	9.94	770.34	162.85	390	0
1954	7	25.18	13.3	802.57	118.4	390	0
1954	8	24.5	12.63	769	132.28	390	0
1954	9	18.72	6.81	692.13	81.6	390	0
1954	10	12.89	1.19	532.67	71.13	390	0
1954	11	4.09	-4.9	446.59	106.52	390	0
1954	12	2.52	-6.96	351.84	161.09	390	0
1955	1	-2.34	-12.97	426.23	112.8	390	0
1955	2	1.02	-10.35	569.33	41.56	390	0
1955	3	5.12	-4.67	687.51	146.73	390	0
1955	4	13	1.42	697.9	90.88	390	0
1955	5	20.65	7.39	735.4	90.01	390	0
1955	6	22.42	10.35	798.01	79.81	390	0
1955	7	25.66	14.6	713.65	158.3	390	0
1955	8	23.12	11.87	734.73	141.6	390	0
1955	9	17.87	6.71	659.04	146.01	390	0
1955	10	15.18	2.51	581.63	94.21	390	0
1955	11	5.55	-3.44	422.56	111.97	390	0
1955	12	-0.15	-9.67	431.37	90.06	390	0
1956	1	-2.24	-13.07	407.91	106.44	390	0
1956	2	1.2	-10.75	485.47	75.39	390	0
1956	3	6.85	-3.88	620.74	119.44	390	0
1956	4	12.81	0.54	761.53	86.5	390	0
1956	5	18.51	5.73	797.81	92.07	390	0
1956	6	22.88	10.75	790.18	92.25	390	0
1956	7	26.52	13.41	872.35	51.82	390	0
1956	8	26.17	14.38	749.79	130.92	390	0
1956	9	20.55	7.74	721.71	52.73	390	0
1956	10	14.93	2.55	590.84	88.27	390	0
1956	11	7.42	-2.07	436.83	100.82	390	0
1956	12	1.4	-7.69	368.67	95.7	390	0
1957	1	-2.4	-13.62	444.74	60.72	390	0
1957	2	-0.94	-13.57	574.83	35.39	390	0
1957	3	4.87	-5.89	704.51	64.21	390	0
1957	4	13.11	0.15	789.38	102.77	390	0
1957	5	15.82	3.99	753.2	105.02	390	0
1957	6	21.67	10.57	722.6	158.15	390	0
1957	7	26.89	14.19	816.95	72.68	390	0
1957	8	26.35	13.24	838.21	48.55	390	0
1957	9	23.65	9.99	713.01	63.88	390	0
1957	10	16.72	4.5	531.03	110.07	390	0
1957	11	10.23	-1.17	464.06	28.12	390	0
1957	12	1.46	-9.45	336.96	130.8	390	0
1958	1	0.59	-9.49	331.22	93.61	390	0
1958	2	-1.54	-12.96	540.72	21.71	390	0
1958	3	4.02	-6.74	685.38	94.63	390	0
1958	4	15.17	2.68	679.64	80.24	390	0
1958	5	17.73	5.6	746.72	118.97	390	0
1958	6	22.36	10.44	760.22	138.98	390	0
1958	7	26.97	14.21	819.63	114.54	390	0
1958	8	24.04	12.29	765.72	80.89	390	0
1958	9	21.46	9.03	686.55	95.57	390	0
1958	10	15.44	3.64	527.67	107.41	390	0
1958	11	9.68	-0.5	415.78	64.79	390	0
1958	12	2.67	-6.96	343.87	168.95	390	0
1959	1	0.99	-9.86	425.29	133.01	390	0
1959	2	1.98	-8.96	570.79	70.93	390	0
1959	3	5.64	-5.19	652.48	110.57	390	0
1959	4	10.76	-0.2	730.11	137.68	390	0
1959	5	16.92	5.24	724.38	55.04	390	0
1959	6	21.49	9.85	784.22	73.88	390	0
1959	7	25.13	13.81	749.75	215.58	390	0
1959	8	24.36	11.81	820.82	76.47	390	0
1959	9	19.62	6.03	777.98	28.59	390	0
1959	10	13.95	2.21	526.36	108.6	390	0
1959	11	8.41	-2.18	450.55	112.17	390	0
1959	12	-1.66	-11.15	376.02	111.28	390	0
1960	1	-2.58	-13.99	455.66	33.99	390	0
1960	2	-1.63	-12.75	517.72	84.9	390	0
1960	3	6.88	-4.18	631.88	104.32	390	0
1960	4	11.67	0.21	735.08	171.02	390	0
1960	5	15.51	5.04	681.97	137.62	390	0
1960	6	24.6	12.11	786.95	89.48	390	0
1960	7	27.14	13.43	901.66	63.51	390	0
1960	8	25.13	13.76	729	90.74	390	0
1960	9	21.14	8.38	698.76	107.76	390	0
1960	10	11.78	0.17	578.38	91.1	390	0
1960	11	5.68	-3.52	421.04	142.03	390	0
1960	12	0.3	-9.78	333.57	116.98	390	0
1961	1	-1.37	-12.22	374.13	96.28	390	0
1961	2	0.45	-9.51	419.59	123.04	390	0
1961	3	4	-6.25	661.39	170.07	390	0
1961	4	12.64	0.42	758.87	102.41	390	0
1961	5	17.93	5.76	649.6	215.62	390	0
1961	6	22.49	10.83	779.03	66.99	390	0
1961	7	25.58	13.72	774.37	131.1	390	0
1961	8	26.6	14.02	808.71	39.63	390	0
1961	9	18.13	7.21	662.66	81.26	390	0
1961	10	13.35	3.49	459.37	199.54	390	0
1961	11	6.16	-3.36	443	143.51	390	0
1961	12	-0.24	-10.49	360	74.53	390	0
1962	1	-1.14	-11.26	434.58	26.67	390	0
1962	2	0.96	-10.22	569.67	95.14	390	0
1962	3	6.85	-3.29	632.93	158.35	390	0
1962	4	14.06	1.74	774.96	89.79	390	0
1962	5	19.43	5.33	832.39	76.57	390	0
1962	6	22.62	11.22	738.68	87.78	390	0
1962	7	26.06	13.78	837.55	62.09	390	0
1962	8	23.39	11.4	767.18	138.84	390	0
1962	9	18.57	6.7	696.09	119.99	390	0
1962	10	12.04	0.57	596.4	48.48	390	0
1962	11	6.45	-3.04	397.46	121.92	390	0
1962	12	1.17	-7.53	302.89	95.02	390	0
1963	1	-3.74	-16.26	371.25	137.03	390	0
1963	2	2.67	-8.65	475.54	115.59	390	0
1963	3	5.04	-6.2	673.73	161.35	390	0
1963	4	11.21	-0.42	729.36	113.38	390	0
1963	5	18.92	6.37	735.69	101.69	390	0
1963	6	23.69	11.73	753.92	148.71	390	0
1963	7	24.16	11.42	867.78	22.74	390	0
1963	8	25.11	12.1	800.37	45.75	390	0
1963	9	19.84	6.82	712.89	114.03	390	0
1963	10	10.94	1.08	481.88	108.47	390	0
1963	11	7.22	-2.21	407.63	117.39	390	0
1963	12	1.4	-8.54	338.8	162.8	390	0
1964	1	-4.23	-16.18	395.48	131.71	390	0
1964	2	-3.52	-16.74	565.39	55.19	390	0
1964	3	5.86	-5.07	671.99	64.29	390	0
1964	4	9.46	-1.12	749.9	70.4	390	0
1964	5	20.13	6.13	801.29	60.25	390	0
1964	6	23.24	11.67	789.14	47.32	390	0
1964	7	24.82	13.2	785.78	78.02	390	0
1964	8	25.02	12.04	820.06	64.29	390	0
1964	9	18.69	6.96	677.6	92.36	390	0
1964	10	13.05	1.05	609.93	24.97	390	0
1964	11	7.47	-2.81	423.02	173.9	390	0
1964	12	2.77	-5.69	343.63	140.15	390	0
1965	1	-1.71	-10.99	387.08	85	390	0
1965	2	-1.98	-14.71	518.14	206.86	390	0
1965	3	3.96	-7.53	683.01	65.52	390	0
1965	4	9.22	-0.66	646.38	173.08	390	0
1965	5	22.56	7.67	854.84	67.5	390	0
1965	6	24.63	12.1	809.95	84.02	390	0
1965	7	25.96	13.56	821.78	90.1	390	0
1965	8	24.38	12.4	772.85	165.95	390	0
1965	9	21.91	8.91	693.77	141.01	390	0
1965	10	15.81	2.78	603.56	86.62	390	0
1965	11	8.29	-1.92	448.13	104.16	390	0
1965	12	3.36	-6.79	367.77	60.97	390	0
1966	1	-1.46	-13.04	457.96	43.24	390	0
1966	2	3.88	-7.96	528.76	69.12	390	0
1966	3	4.14	-7.96	692.06	77.45	390	0
1966	4	13.84	0.64	795.69	114.5	390	0
1966	5	18.51	6.53	687.94	122.64	390	0
1966	6	25.33	12.54	795.07	86.01	390	0
1966	7	25.95	14.06	825.89	89.24	390	0
1966	8	24.29	11.97	784.32	109.93	390	0
1966	9	19.94	7.91	640.59	198.72	390	0
1966	10	13.07	1.45	580.57	53.77	390	0
1966	11	4.54	-4.72	473.5	62.88	390	0
1966	12	3.16	-7.31	380.5	88.53	390	0
1967	1	-1.73	-12.69	415.54	94.75	390	0
1967	2	-2.82	-15.2	543.68	61.85	390	0
1967	3	3.04	-8.19	660.01	127.07	390	0
1967	4	14.96	0.98	784.81	55.45	390	0
1967	5	17.45	5.17	749.28	72.49	390	0
1967	6	22.46	9.5	839.79	135.03	390	0
1967	7	26.11	13.91	817.48	60.5	390	0
1967	8	24.55	12.27	809.77	53.34	390	0
1967	9	22.18	7.73	758.14	11.1	390	0
1967	10	14.89	2.81	567.4	82.06	390	0
1967	11	8.67	-0.88	390.95	90.45	390	0
1967	12	3.05	-5.72	365.07	75.94	390	0
1968	1	-4.51	-16.65	394.22	125.46	390	0
1968	2	-0.73	-12.79	579.07	22.51	390	0
1968	3	2.98	-7.54	719.09	111.08	390	0
1968	4	10.59	-0.77	737.08	119.14	390	0
1968	5	19.23	5.44	863.6	60.6	390	0
1968	6	23.91	10.29	884.87	52.54	390	0
1968	7	26.47	12.78	857.14	87.81	390	0
1968	8	24.48	12.33	807.29	103.21	390	0
1968	9	20.09	8.24	672.26	173.27	390	0
1968	10	12.08	1.92	490.45	181.13	390	0
1968	11	5.61	-3.3	408.29	143.68	390	0
1968	12	0.31	-10.74	370.96	100.17	390	0
1969	1	-3.13	-14.68	433.2	29	390	0
1969	2	0.18	-10.17	471.77	74.82	390	0
1969	3	3.16	-7.83	641.56	117.96	390	0
1969	4	11.57	-0.53	778.79	81.28	390	0
1969	5	15.18	4.55	674.72	173.09	390	0
1969	6	22.07	9.16	865.49	48.88	390	0
1969	7	24.83	12.19	850.44	76.06	390	0
1969	8	22.65	11.5	792.22	73.32	390	0
1969	9	19.6	8.05	667.85	61.6	390	0
1969	10	13.59	1.21	600.13	64.53	390	0
1969	11	6.68	-2.96	445.62	159.92	390	0
1969	12	-1.98	-15.21	373.08	78.67	390	0
1970	1	-5.57	-17.6	411.24	111.61	390	0
1970	2	-0.28	-11.18	517.85	126.46	390	0
1970	3	0.19	-11.57	726.82	73.49	390	0
1970	4	12.03	-0.36	726.28	92.9	390	0
1970	5	17.61	6.02	704.41	137.58	390	0
1970	6	21.82	10.1	737.59	178.75	390	0
1970	7	25.66	13.17	820.22	111.56	390	0
1970	8	25.93	13.24	814.47	81.12	390	0
1970	9	20.46	8.74	655.5	162.03	390	0
1970	10	12.65	1.86	489.46	294.06	390	0
1970	11	6.88	-1.94	398.88	103.91	390	0
1970	12	0.14	-11.16	387.92	87.5	390	0
1971	1	-2.41	-13.43	420.16	34.22	390	0
1971	2	1.87	-8.59	505.5	71.06	390	0
1971	3	5.82	-5.47	744.22	59.29	390	0
1971	4	13.62	1.07	778.31	113.25	390	0
1971	5	17.48	4.77	836.05	79.58	390	0
1971	6	20.98	8.81	800.2	120.66	390	0
1971	7	25.67	13.54	784.18	100.01	390	0
1971	8	23.17	11.3	790.46	170.26	390	0
1971	9	20.19	6.74	738.44	121.19	390	0
1971	10	12.3	0.88	560.44	156.1	390	0
1971	11	8.91	-1.94	438.54	96.78	390	0
1971	12	1.39	-9.12	400.14	56.57	390	0
1972	1	-5.63	-17.26	435.36	69.14	390	0
1972	2	-1.96	-14.92	589.53	25.22	390	0
1972	3	6.89	-3.89	653.24	107.93	390	0
1972	4	9.62	-0.89	723.94	150.79	390	0
1972	5	18.75	5.96	824.51	85.72	390	0
1972	6	23.46	10.34	836.85	73.96	390	0
1972	7	24.49	12.66	811.89	96.99	390	0
1972	8	25.91	13.06	839.5	97.66	390	0
1972	9	20.1	9.34	602.67	143.74	390	0
1972	10	13.87	1.91	576.16	33.76	390	0
1972	11	7.29	-2.6	453.09	50.12	390	0
1972	12	2.52	-7.06	370.4	116.65	390	0
1973	1	-0.03	-9.84	415.49	71.89	390	0
1973	2	0.72	-9.92	444.17	79.81	390	0
1973	3	5.37	-5.98	653.36	77.6	390	0
1973	4	13.37	1.68	622.02	189.35	390	0
1973	5	18.93	6.17	753.55	208.96	390	0
1973	6	21.41	9.28	795.14	122.9	390	0
1973	7	25.76	14.48	765.18	106.88	390	0
1973	8	25.78	13.56	770.37	77.07	390	0
1973	9	20.92	8.54	689.48	127.68	390	0
1973	10	10.83	0.42	517.5	120.74	390	0
1973	11	6.24	-3.59	412.45	154.47	390	0
1973	12	2.21	-7.9	327.9	100.33	390	0
1974	1	-2.46	-13.54	420.78	108.19	390	0
1974	2	2	-9.48	499.34	77.06	390	0
1974	3	4.65	-6.24	701.87	79.02	390	0
1974	4	13.65	0.66	770.99	81.41	390	0
1974	5	18.94	6.24	729.9	108.41	390	0
1974	6	21.07	9.22	768.63	125.62	390	0
1974	7	25.1	12.8	831.73	89.36	390	0
1974	8	24.32	12.64	749.2	119.46	390	0
1974	9	18.77	6.07	748.08	98.55	390	0
1974	10	11.66	0.87	519.93	92.89	390	0
1974	11	6.16	-2.99	403.39	156.28	390	0
1974	12	1.11	-7.84	346.32	128.65	390	0
1975	1	-2.73	-15.09	454.18	25.11	390	0
1975	2	0.31	-11.72	544.2	75.58	390	0
1975	3	8.56	-3.77	602.14	75.91	390	0
1975	4	11.34	-0.41	784.93	113.87	390	0
1975	5	18	4.38	818.96	101	390	0
1975	6	22.9	11.15	752.33	124.91	390	0
1975	7	24.88	12.84	815.39	159	390	0
1975	8	23.85	12.17	760.51	193.53	390	0
1975	9	20.39	10.11	604.3	105.27	390	0
1975	10	14.66	2.22	555.62	127.58	390	0
1975	11	7.48	-2.97	449.04	75.4	390	0
1975	12	2.17	-8.31	359.09	105.81	390	0
1976	1	-2.93	-13.38	411.61	79.82	390	0
1976	2	-3.62	-15.43	548.69	16.27	390	0
1976	3	5.82	-6.05	672.58	53.58	390	0
1976	4	12.09	0.01	757.09	76.98	390	0
1976	5	16.81	4.77	754.83	107.71	390	0
1976	6	22.37	9.52	818.15	184.99	390	0
1976	7	25.4	12.93	836.2	109.64	390	0
1976	8	24.25	12.7	821.99	73.76	390	0
1976	9	19.42	7.14	736.39	86.83	390	0
1976	10	13.95	1.55	584.67	104.82	390	0
1976	11	8.69	-0.95	407.42	188.24	390	0
1976	12	-1.35	-11.48	378.13	53.63	390	0
1977	1	-2.44	-12.47	401.62	99.07	390	0
1977	2	2.31	-9.08	451.08	124.23	390	0
1977	3	7.3	-4.28	713.68	74.95	390	0
1977	4	13.28	0.43	747.48	74.15	390	0
1977	5	18.77	5.81	750.89	126.71	390	0
1977	6	23.09	10.34	805.08	98.45	390	0
1977	7	24.76	12.02	845.92	135.32	390	0
1977	8	22.57	10.71	828.65	92.92	390	0
1977	9	22.17	9.64	685.46	73.5	390	0
1977	10	14.55	2.78	540.68	222.83	390	0
1977	11	7.61	-1.79	419.66	37.98	390	0
1977	12	1.6	-7.9	388.1	101.92	390	0
1978	1	-2.22	-13.48	417.86	76	390	0
1978	2	0.16	-11.47	567.72	43.4	390	0
1978	3	7.81	-2.76	623.29	115.11	390	0
1978	4	12.24	0.97	668.16	106.72	390	0
1978	5	20.05	7.33	698.76	152.65	390	0
1978	6	25.09	11.89	854.68	133.37	390	0
1978	7	25.92	13.61	807.7	119.99	390	0
1978	8	25.74	12.98	831.13	49.05	390	0
1978	9	21.48	8.19	737.83	83.01	390	0
1978	10	14.14	1.46	602.19	34.57	390	0
1978	11	5.77	-4.25	470.48	119.02	390	0
1978	12	2.7	-7.55	361.89	111.53	390	0
1979	1	-2.26	-12.6	393.36	154.03	390	0
1979	2	-5.72	-18.39	563.43	46.16	390	0
1979	3	3.04	-8.35	648.82	155.44	390	0
1979	4	11.56	0.03	709.27	136.4	390	0
1979	5	19.4	6.67	762.49	95.12	390	0
1979	6	22.7	10.95	754.94	110.62	390	0
1979	7	26.26	13.36	858.01	75.32	390	0
1979	8	23.9	12.05	731.06	128.11	390	0
1979	9	23.43	10.35	683.14	133.44	390	0
1979	10	14	3.24	482.62	138.93	390	0
1979	11	8.85	-1.54	455.54	103.24	390	0
1979	12	2.56	-7.12	323.19	199.03	390	0
1980	1	-0.34	-10.51	392.14	139.42	390	0
1980	2	0.53	-10.53	468.78	97.52	390	0
1980	3	5.29	-4.62	604.08	89.62	390	0
1980	4	11.41	-0.09	722.44	97.79	390	0
1980	5	20.93	7.38	749.35	112.02	390	0
1980	6	23.68	12.89	713.83	94.38	390	0
1980	7	27.06	13.63	859.51	109.15	390	0
1980	8	26.23	13.66	813.33	91.15	390	0
1980	9	20.53	8.68	662.46	116.34	390	0
1980	10	12.99	1.76	545.12	135.84	390	0
1980	11	9.57	-0.46	444.77	101.24	390	0
1980	12	2.35	-7	344.43	132.23	390	0
1981	1	-1.33	-10.89	372.08	112.28	390	0
1981	2	0.63	-11.18	509.23	90.28	390	0
1981	3	3.54	-7.95	633.64	138.34	390	0
1981	4	10.42	-1.39	798.25	41.26	390	0
1981	5	19.44	5.74	826.32	102.88	390	0
1981	6	23.98	10.94	854.72	69.15	390	0
1981	7	27.28	15.43	780.24	97.89	390	0
1981	8	27.05	13.7	807.1	78.16	390	0
1981	9	21.6	8.45	747.29	39.18	390	0
1981	10	12.21	0.84	552	114.05	390	0
1981	11	8.29	-1.02	416.34	98.8	390	0
1981	12	5.03	-4.84	382.54	134.6	390	0
1982	1	0.98	-10.15	385.83	170.53	390	0
1982	2	-0.65	-13.68	517.63	45.73	390	0
1982	3	3.62	-6.88	709.55	60.2	390	0
1982	4	11.6	-0.81	792.43	47.28	390	0
1982	5	17.31	5.29	816.38	57.31	390	0
1982	6	25.19	10.83	886.49	54.44	390	0
1982	7	27.44	14.18	831.95	78.81	390	0
1982	8	26.01	13.9	720.14	139.91	390	0
1982	9	20.27	8.41	645.67	211.18	390	0
1982	10	14.41	2.77	571.3	30.57	390	0
1982	11	5.76	-3.87	423.07	146.17	390	0
1982	12	5.13	-4.91	371.27	30.26	390	0
1983	1	2.29	-7.21	356.3	110.35	390	0
1983	2	-2.52	-13.86	585.99	15.17	390	0
1983	3	4.93	-5.62	602.39	162.36	390	0
1983	4	12.12	-0.07	718.48	173.74	390	0
1983	5	20.08	6.82	735.4	137.24	390	0
1983	6	21.43	9.08	803.13	107.39	390	0
1983	7	25.9	13.81	766.53	117.65	390	0
1983	8	23.82	11.66	792.44	106.39	390	0
1983	9	19.43	7.49	687.69	48.33	390	0
1983	10	14.8	2.55	595.97	45.95	390	0
1983	11	6.2	-2.67	419.86	146.44	390	0
1983	12	3.09	-5.23	340.19	168.31	390	0
1984	1	1.57	-7.31	375.13	123.06	390	0
1984	2	1.54	-9.44	563.87	89.68	390	0
1984	3	3.81	-6.12	624.26	169.05	390	0
1984	4	11.13	0.56	630.18	264.52	390	0
1984	5	17.03	4.71	788.72	48.51	390	0
1984	6	23.65	10.69	833.14	118.15	390	0
1984	7	26.08	13.66	797.49	91.91	390	0
1984	8	23.86	12.35	752.25	105.38	390	0
1984	9	21.53	9.08	688.31	126.52	390	0
1984	10	14.12	2.04	562.56	145.32	390	0
1984	11	8.61	-0.86	409.31	208.82	390	0
1984	12	1.08	-8.78	359.88	114.77	390	0
1985	1	-2.09	-13.47	466.33	43.42	390	0
1985	2	2.98	-7.5	428.45	164.49	390	0
1985	3	5.23	-6.26	715.36	88.32	390	0
1985	4	8.84	-1.21	674.89	145.37	390	0
1985	5	20.03	6.65	796.12	55.92	390	0
1985	6	24.26	11.54	816.52	77.09	390	0
1985	7	27.55	14.61	834.42	59.08	390	0
1985	8	26.4	13	861.1	88.03	390	0
1985	9	21.86	9.43	669.92	181.88	390	0
1985	10	13.22	2.37	518.34	122.98	390	0
1985	11	5.47	-3.65	442.22	80.36	390	0
1985	12	2.16	-7.37	378.29	46.92	390	0
1986	1	-4.06	-16.19	439.51	65.83	390	0
1986	2	0.71	-10.8	503.92	111.15	390	0
1986	3	5.34	-5.71	665.88	67.25	390	0
1986	4	11.29	-0.06	698.42	132.32	390	0
1986	5	19.25	6.97	713.52	90.5	390	0
1986	6	21.72	9.98	747.16	143.68	390	0
1986	7	27.39	14.79	818.35	112.07	390	0
1986	8	26	13.65	787.37	113.02	390	0
1986	9	19.08	7.33	704.11	103.09	390	0
1986	10	13.3	2.15	547.49	238.63	390	0
1986	11	6.01	-2.57	433.07	53.28	390	0
1986	12	-0.76	-9.56	346.32	135.88	390	0
1987	1	-0.25	-9.49	385.06	96.9	390	0
1987	2	1.93	-8.07	431.88	123.69	390	0
1987	3	5.72	-5.28	667.66	88.19	390	0
1987	4	11.05	-0.32	725.9	94.99	390	0
1987	5	18.95	5.7	781.37	141.82	390	0
1987	6	24.45	11.79	821.5	86.54	390	0
1987	7	26.5	14.27	813.64	148.06	390	0
1987	8	25.89	13.35	792.27	142.35	390	0
1987	9	20.04	8.32	651.7	75.17	390	0
1987	10	12.26	1.64	554.42	144.47	390	0
1987	11	7.59	-2.5	445.74	128.55	390	0
1987	12	1.95	-7.2	381.84	123.12	390	0
1988	1	1.25	-8.26	379.05	133.92	390	0
1988	2	1.7	-9.95	536.85	107.14	390	0
1988	3	4.7	-6.19	602.19	179.5	390	0
1988	4	14.23	1.74	710.03	177.54	390	0
1988	5	18.93	5.44	835.33	66.11	390	0
1988	6	26.33	12.21	844.58	108.86	390	0
1988	7	24.49	12.46	820.51	98.68	390	0
1988	8	25.59	12.58	827.45	88.4	390	0
1988	9	23.22	9.56	735.36	116.33	390	0
1988	10	14.3	1.62	629.22	41.68	390	0
1988	11	8.86	-1.85	470.48	35.64	390	0
1988	12	-0.51	-11.18	378.16	91	390	0
1989	1	-4.51	-16.15	479.42	41.88	390	0
1989	2	3.08	-7.62	511.14	63.67	390	0
1989	3	10.58	-2.35	644.33	97.8	390	0
1989	4	11.35	-0.36	770.06	98.85	390	0
1989	5	16.72	4.21	822.07	95.39	390	0
1989	6	24.02	10.98	819.53	57.08	390	0
1989	7	28.8	14.71	859.55	64.97	390	0
1989	8	27.11	13.77	840.69	69	390	0
1989	9	20.22	8.35	682.47	147.89	390	0
1989	10	16.19	3.71	568.94	48.14	390	0
1989	11	9.47	1.65	333.66	143.63	390	0
1989	12	3.11	-6.14	372.3	170.17	390	0
1990	1	1.15	-9.3	389.48	109.51	390	0
1990	2	0.98	-10.48	513.82	77.76	390	0
1990	3	5.78	-5.34	622.73	109.81	390	0
1990	4	10.56	-0.73	732.42	149.89	390	0
1990	5	16.48	5.02	692.23	178.2	390	0
1990	6	23.04	11.27	741.57	145.41	390	0
1990	7	26.65	14.25	806.95	67.49	390	0
1990	8	24.56	12.22	815.44	116.21	390	0
1990	9	19.83	8.54	675.45	45.58	390	0
1990	10	13.25	2.08	546.43	167.8	390	0
1990	11	5.72	-4.19	452.72	70.67	390	0
1990	12	1.91	-8.03	380.51	144.11	390	0
1991	1	-2.66	-13.21	396.48	85.14	390	0
1991	2	2.42	-8.17	434.59	125.8	390	0
1991	3	4.37	-6.78	684.11	136	390	0
1991	4	10.08	-0.88	728.87	131.79	390	0
1991	5	19.58	6.69	747.93	105.12	390	0
1991	6	23.33	10.29	839.85	32.8	390	0
1991	7	26.51	13.69	852.97	80.6	390	0
1991	8	23.53	10.68	837.45	44.85	390	0
1991	9	21.48	8.17	739.94	64.25	390	0
1991	10	14.02	2.97	512.04	135.39	390	0
1991	11	6.94	-2.98	443.24	145.83	390	0
1991	12	3.24	-5.14	356.1	59.17	390	0
1992	1	-2.35	-12.87	420.19	49.89	390	0
1992	2	0.78	-10.75	534.96	76.97	390	0
1992	3	3.49	-7.32	726.39	65.32	390	0
1992	4	12.65	1.35	673.27	112.97	390	0
1992	5	17.64	5.5	731.33	81.85	390	0
1992	6	21.47	9.56	798.85	95.29	390	0
1992	7	24.7	12.92	813.47	62.7	390	0
1992	8	21.5	9.87	783.76	70.9	390	0
1992	9	21.23	9.58	655.62	202.69	390	0
1992	10	12.36	1.46	526.19	141.68	390	0
1992	11	6.66	-2.59	415.33	146.94	390	0
1992	12	2.76	-6.21	317.62	168.18	390	0
1993	1	-4.39	-13.94	428.38	52.59	390	0
1993	2	-0.95	-12.15	465.69	253.63	390	0
1993	3	6.15	-5.82	756.89	46.56	390	0
1993	4	15.81	2.79	708.7	115.31	390	0
1993	5	18.1	6.3	673.32	98.32	390	0
1993	6	23.58	10.79	829.11	89.43	390	0
1993	7	24.88	13.36	780.84	92.36	390	0
1993	8	25.84	14.43	781.39	72.04	390	0
1993	9	21.84	10.17	653.68	116.88	390	0
1993	10	14.59	3.08	528.67	89.5	390	0
1993	11	9.07	-1.85	464.91	173.34	390	0
1993	12	0.88	-9.24	380.51	72.28	390	0
1994	1	0.05	-10.52	403.31	50.38	390	0
1994	2	5.1	-6.02	560.11	31.3	390	0
1994	3	7.4	-4.03	665.43	100.02	390	0
1994	4	13.35	0.41	805.46	49.42	390	0
1994	5	19.68	5.23	871.62	64.18	390	0
1994	6	23.8	10.01	881.89	79.24	390	0
1994	7	25.82	14.35	730.73	158.41	390	0
1994	8	27.7	14.22	845.02	37.65	390	0
1994	9	19.99	7.61	726.54	74.93	390	0
1994	10	16.1	4.65	529.39	22.61	390	0
1994	11	9.06	-1.51	433.13	79.02	390	0
1994	12	0.8	-8.87	338.93	112.47	390	0
1995	1	3.11	-7.47	373.6	112.54	390	0
1995	2	4.2	-7.25	530.82	38.52	390	0
1995	3	9.19	-3.5	723.16	67.42	390	0
1995	4	12.24	-0.34	777.91	52.43	390	0
1995	5	20.12	6.11	793.73	165.39	390	0
1995	6	23.38	11.3	747.16	187.71	390	0
1995	7	25.14	13.25	772.26	203.94	390	0
1995	8	24.08	12.34	748.84	131.93	390	0
1995	9	20.39	8.15	699.71	96.54	390	0
1995	10	13.63	2.4	512.36	131.44	390	0
1995	11	10.24	-0.3	407.08	84.78	390	0
1995	12	-1.51	-11.33	429.84	35.17	390	0
1996	1	-2.17	-13.63	396.45	84.17	390	0
1996	2	2.6	-9.24	530.06	29.47	390	0
1996	3	4.83	-5.93	618.03	161.85	390	0
1996	4	14.18	0.79	775.32	81.16	390	0
1996	5	18.12	5.69	778.02	78	390	0
1996	6	23.16	11.48	735.41	225.04	390	0
1996	7	27.05	14.13	852.75	87.21	390	0
1996	8	26.24	13.5	830.04	99.2	390	0
1996	9	23.18	11.78	610.13	116.85	390	0
1996	10	13.64	2.62	554.52	112.74	390	0
1996	11	8.13	-1.98	391.74	96.09	390	0
1996	12	3.07	-6.14	323.03	133.12	390	0
1997	1	-1	-11.45	442.34	31.78	390	0
1997	2	-0.9	-11.3	526.53	29.05	390	0
1997	3	5.1	-5.88	670.15	140.55	390	0
1997	4	13.32	0.85	762.14	50.16	390	0
1997	5	21.15	7.98	757.27	69.49	390	0
1997	6	22.75	10.42	782.79	145.65	390	0
1997	7	25.58	14.3	778.34	78.56	390	0
1997	8	24.38	12.36	830.23	66.98	390	0
1997	9	20.05	8.54	659.58	124.71	390	0
1997	10	13.57	3.76	465.44	173.97	390	0
1997	11	5.84	-2.97	408.79	135.99	390	0
1997	12	1.52	-7.77	364.05	161.5	390	0
1998	1	-1.84	-11.94	393.62	146.33	390	0
1998	2	-3.76	-14.63	574.09	29.46	390	0
1998	3	6.47	-4.43	694.97	129.98	390	0
1998	4	10.97	-0.27	716.88	70.99	390	0
1998	5	22.11	7.73	800.41	89.68	390	0
1998	6	25.06	11.27	858.83	93.77	390	0
1998	7	27.37	14.61	813.2	167.81	390	0
1998	8	25.95	12.82	818.49	86	390	0
1998	9	20.09	7.07	726.89	107.2	390	0
1998	10	15.78	3.74	589.8	78.41	390	0
1998	11	7.94	-1.78	417.99	133.01	390	0
1998	12	-1.33	-12.36	416.06	77.71	390	0
1999	1	-0.69	-11.32	423.32	73.13	390	0
1999	2	4.04	-6.32	456.95	61.12	390	0
1999	3	8.11	-4.42	735.96	57.59	390	0
1999	4	11.43	0.32	724.01	134.08	390	0
1999	5	17.85	5.19	787.78	76.15	390	0
1999	6	24.74	12.01	801.65	123.05	390	0
1999	7	26.56	15.82	778.42	106.32	390	0
1999	8	25.58	13.88	788.14	115.19	390	0
1999	9	21.05	8.57	686.55	105.63	390	0
1999	10	14.4	3.41	545.24	158.35	390	0
1999	11	7.47	-2	429.89	146.72	390	0
1999	12	3.05	-4.39	334.87	61.54	390	0
2000	1	1.51	-8.64	374.19	157.26	390	0
2000	2	0.19	-11.28	570.14	56.49	390	0
2000	3	5.1	-5.26	637.53	89.79	390	0
2000	4	13.28	0.94	771	73.43	390	0
2000	5	16.18	4.38	761.47	114.8	390	0
2000	6	23.68	12.22	742.41	164.36	390	0
2000	7	26.26	13.71	840.89	76.16	390	0
2000	8	25.01	13.21	794.2	48.67	390	0
2000	9	21.4	9.79	665.59	142.75	390	0
2000	10	14.07	2.81	556.01	108.03	390	0
2000	11	5.83	-2.39	418.24	150.14	390	0
2000	12	-0.05	-9.98	369.15	99.18	390	0
2001	1	-1.71	-10.99	387.08	85	390	0
2001	2	-1.98	-14.71	518.14	206.86	390	0
2001	3	3.96	-7.53	683.01	65.52	390	0
2001	4	9.22	-0.66	646.38	173.08	390	0
2001	5	22.56	7.67	854.84	67.5	390	0
2001	6	24.63	12.1	809.95	84.02	390	0
2001	7	25.96	13.56	821.78	90.1	390	0
2001	8	24.38	12.4	772.85	165.95	390	0
2001	9	21.91	8.91	693.77	141.01	390	0
2001	10	15.81	2.78	603.56	86.62	390	0
2001	11	8.29	-1.92	448.13	104.16	390	0
2001	12	3.36	-6.79	367.77	60.97	390	0
2002	1	-0.25	-9.49	385.06	96.9	390	0
2002	2	1.93	-8.07	431.88	123.69	390	0
2002	3	5.72	-5.28	667.66	88.19	390	0
2002	4	11.05	-0.32	725.9	94.99	390	0
2002	5	18.95	5.7	781.37	141.82	390	0
2002	6	24.45	11.79	821.5	86.54	390	0
2002	7	26.5	14.27	813.64	148.06	390	0
2002	8	25.89	13.35	792.27	142.35	390	0
2002	9	20.04	8.32	651.7	75.17	390	0
2002	10	12.26	1.64	554.42	144.47	390	0
2002	11	7.59	-2.5	445.74	128.55	390	0
2002	12	1.95	-7.2	381.84	123.12	390	0
2003	1	-1.14	-11.26	434.58	26.67	390	0
2003	2	0.96	-10.22	569.67	95.14	390	0
2003	3	6.85	-3.29	632.93	158.35	390	0
2003	4	14.06	1.74	774.96	89.79	390	0
2003	5	19.43	5.33	832.39	76.57	390	0
2003	6	22.62	11.22	738.68	87.78	390	0
2003	7	26.06	13.78	837.55	62.09	390	0
2003	8	23.39	11.4	767.18	138.84	390	0
2003	9	18.57	6.7	696.09	119.99	390	0
2003	10	12.04	0.57	596.4	48.48	390	0
2003	11	6.45	-3.04	397.46	121.92	390	0
2003	12	1.17	-7.53	302.89	95.02	390	0
2004	1	-2.4	-13.62	444.74	60.72	390	0
2004	2	-0.94	-13.57	574.83	35.39	390	0
2004	3	4.87	-5.89	704.51	64.21	390	0
2004	4	13.11	0.15	789.38	102.77	390	0
2004	5	15.82	3.99	753.2	105.02	390	0
2004	6	21.67	10.57	722.6	158.15	390	0
2004	7	26.89	14.19	816.95	72.68	390	0
2004	8	26.35	13.24	838.21	48.55	390	0
2004	9	23.65	9.99	713.01	63.88	390	0
2004	10	16.72	4.5	531.03	110.07	390	0
2004	11	10.23	-1.17	464.06	28.12	390	0
2004	12	1.46	-9.45	336.96	130.8	390	0
2005	1	-3.74	-16.26	371.25	137.03	390	0
2005	2	2.67	-8.65	475.54	115.59	390	0
2005	3	5.04	-6.2	673.73	161.35	390	0
2005	4	11.21	-0.42	729.36	113.38	390	0
2005	5	18.92	6.37	735.69	101.69	390	0
2005	6	23.69	11.73	753.92	148.71	390	0
2005	7	24.16	11.42	867.78	22.74	390	0
2005	8	25.11	12.1	800.37	45.75	390	0
2005	9	19.84	6.82	712.89	114.03	390	0
2005	10	10.94	1.08	481.88	108.47	390	0
2005	11	7.22	-2.21	407.63	117.39	390	0
2005	12	1.4	-8.54	338.8	162.8	390	0
2006	1	0.8	-10.5	383.91	112.83	390	0
2006	2	1.06	-10.76	546.04	46.96	390	0
2006	3	5.09	-5.8	727.74	76.59	390	0
2006	4	10.2	-1.05	684.22	137.19	390	0
2006	5	20.27	7.5	663.47	142.35	390	0
2006	6	21.39	9.94	734.24	181.64	390	0
2006	7	23.32	11.85	753.68	149.51	390	0
2006	8	24.23	12.49	764.61	155.3	390	0
2006	9	19.19	7.84	678.92	100.38	390	0
2006	10	12.43	1.21	565.01	134.56	390	0
2006	11	3.44	-6.02	432.05	112.35	390	0
2006	12	-1.62	-11.41	374.78	45.17	390	0
2007	1	-3.13	-14.68	433.2	29	390	0
2007	2	0.18	-10.17	471.77	74.82	390	0
2007	3	3.16	-7.83	641.56	117.96	390	0
2007	4	11.57	-0.53	778.79	81.28	390	0
2007	5	15.18	4.55	674.72	173.09	390	0
2007	6	22.07	9.16	865.49	48.88	390	0
2007	7	24.83	12.19	850.44	76.06	390	0
2007	8	22.65	11.5	792.22	73.32	390	0
2007	9	19.6	8.05	667.85	61.6	390	0
2007	10	13.59	1.21	600.13	64.53	390	0
2007	11	6.68	-2.96	445.62	159.92	390	0
2007	12	-1.98	-15.21	373.08	78.67	390	0
2008	1	-0.25	-9.49	385.06	96.9	390	0
2008	2	1.93	-8.07	431.88	123.69	390	0
2008	3	5.72	-5.28	667.66	88.19	390	0
2008	4	11.05	-0.32	725.9	94.99	390	0
2008	5	18.95	5.7	781.37	141.82	390	0
2008	6	24.45	11.79	821.5	86.54	390	0
2008	7	26.5	14.27	813.64	148.06	390	0
2008	8	25.89	13.35	792.27	142.35	390	0
2008	9	20.04	8.32	651.7	75.17	390	0
2008	10	12.26	1.64	554.42	144.47	390	0
2008	11	7.59	-2.5	445.74	128.55	390	0
2008	12	1.95	-7.2	381.84	123.12	390	0
2009	1	-1.73	-12.69	415.54	94.75	390	0
2009	2	-2.82	-15.2	543.68	61.85	390	0
2009	3	3.04	-8.19	660.01	127.07	390	0
2009	4	14.96	0.98	784.81	55.45	390	0
2009	5	17.45	5.17	749.28	72.49	390	0
2009	6	22.46	9.5	839.79	135.03	390	0
2009	7	26.11	13.91	817.48	60.5	390	0
2009	8	24.55	12.27	809.77	53.34	390	0
2009	9	22.18	7.73	758.14	11.1	390	0
2009	10	14.89	2.81	567.4	82.06	390	0
2009	11	8.67	-0.88	390.95	90.45	390	0
2009	12	3.05	-5.72	365.07	75.94	390	0
2010	1	1.15	-9.3	389.48	109.51	390	0
2010	2	0.98	-10.48	513.82	77.76	390	0
2010	3	5.78	-5.34	622.73	109.81	390	0
2010	4	10.56	-0.73	732.42	149.89	390	0
2010	5	16.48	5.02	692.23	178.2	390	0
2010	6	23.04	11.27	741.57	145.41	390	0
2010	7	26.65	14.25	806.95	67.49	390	0
2010	8	24.56	12.22	815.44	116.21	390	0
2010	9	19.83	8.54	675.45	45.58	390	0
2010	10	13.25	2.08	546.43	167.8	390	0
2010	11	5.72	-4.19	452.72	70.67	390	0
2010	12	1.91	-8.03	380.51	144.11	390	0
2011	1	-1.46	-13.04	457.96	43.24	390	0
2011	2	3.88	-7.96	528.76	69.12	390	0
2011	3	4.14	-7.96	692.06	77.45	390	0
2011	4	13.84	0.64	795.69	114.5	390	0
2011	5	18.51	6.53	687.94	122.64	390	0
2011	6	25.33	12.54	795.07	86.01	390	0
2011	7	25.95	14.06	825.89	89.24	390	0
2011	8	24.29	11.97	784.32	109.93	390	0
2011	9	19.94	7.91	640.59	198.72	390	0
2011	10	13.07	1.45	580.57	53.77	390	0
2011	11	4.54	-4.72	473.5	62.88	390	0
2011	12	3.16	-7.31	380.5	88.53	390	0
2012	1	-2.17	-13.63	396.45	84.17	390	0
2012	2	2.6	-9.24	530.06	29.47	390	0
2012	3	4.83	-5.93	618.03	161.85	390	0
2012	4	14.18	0.79	775.32	81.16	390	0
2012	5	18.12	5.69	778.02	78	390	0
2012	6	23.16	11.48	735.41	225.04	390	0
2012	7	27.05	14.13	852.75	87.21	390	0
2012	8	26.24	13.5	830.04	99.2	390	0
2012	9	23.18	11.78	610.13	116.85	390	0
2012	10	13.64	2.62	554.52	112.74	390	0
2012	11	8.13	-1.98	391.74	96.09	390	0
2012	12	3.07	-6.14	323.03	133.12	390	0
2013	1	-2.4	-13.62	444.74	60.72	390	0
2013	2	-0.94	-13.57	574.83	35.39	390	0
2013	3	4.87	-5.89	704.51	64.21	390	0
2013	4	13.11	0.15	789.38	102.77	390	0
2013	5	15.82	3.99	753.2	105.02	390	0
2013	6	21.67	10.57	722.6	158.15	390	0
2013	7	26.89	14.19	816.95	72.68	390	0
2013	8	26.35	13.24	838.21	48.55	390	0
2013	9	23.65	9.99	713.01	63.88	390	0
2013	10	16.72	4.5	531.03	110.07	390	0
2013	11	10.23	-1.17	464.06	28.12	390	0
2013	12	1.46	-9.45	336.96	130.8	390	0
2014	1	-1.46	-13.04	457.96	43.24	390	0
2014	2	3.88	-7.96	528.76	69.12	390	0
2014	3	4.14	-7.96	692.06	77.45	390	0
2014	4	13.84	0.64	795.69	114.5	390	0
2014	5	18.51	6.53	687.94	122.64	390	0
2014	6	25.33	12.54	795.07	86.01	390	0
2014	7	25.95	14.06	825.89	89.24	390	0
2014	8	24.29	11.97	784.32	109.93	390	0
2014	9	19.94	7.91	640.59	198.72	390	0
2014	10	13.07	1.45	580.57	53.77	390	0
2014	11	4.54	-4.72	473.5	62.88	390	0
2014	12	3.16	-7.31	380.5	88.53	390	0
2015	1	-2.6	-13.06	384.67	52.31	390	0
2015	2	-1.12	-11.92	525.21	30.29	390	0
2015	3	4.95	-6.4	670.82	101.82	390	0
2015	4	11.81	-0.08	736.2	137.33	390	0
2015	5	18.23	5.41	770.9	113.02	390	0
2015	6	21.93	9.94	770.34	162.85	390	0
2015	7	25.18	13.3	802.57	118.4	390	0
2015	8	24.5	12.63	769	132.28	390	0
2015	9	18.72	6.81	692.13	81.6	390	0
2015	10	12.89	1.19	532.67	71.13	390	0
2015	11	4.09	-4.9	446.59	106.52	390	0
2015	12	2.52	-6.96	351.84	161.09	390	0
2016	1	-2.34	-12.97	426.23	112.8	390	0
2016	2	1.02	-10.35	569.33	41.56	390	0
2016	3	5.12	-4.67	687.51	146.73	390	0
2016	4	13	1.42	697.9	90.88	390	0
2016	5	20.65	7.39	735.4	90.01	390	0
2016	6	22.42	10.35	798.01	79.81	390	0
2016	7	25.66	14.6	713.65	158.3	390	0
2016	8	23.12	11.87	734.73	141.6	390	0
2016	9	17.87	6.71	659.04	146.01	390	0
2016	10	15.18	2.51	581.63	94.21	390	0
2016	11	5.55	-3.44	422.56	111.97	390	0
2016	12	-0.15	-9.67	431.37	90.06	390	0
2017	1	-2.6	-13.06	384.67	52.31	390	0
2017	2	-1.12	-11.92	525.21	30.29	390	0
2017	3	4.95	-6.4	670.82	101.82	390	0
2017	4	11.81	-0.08	736.2	137.33	390	0
2017	5	18.23	5.41	770.9	113.02	390	0
2017	6	21.93	9.94	770.34	162.85	390	0
2017	7	25.18	13.3	802.57	118.4	390	0
2017	8	24.5	12.63	769	132.28	390	0
2017	9	18.72	6.81	692.13	81.6	390	0
2017	10	12.89	1.19	532.67	71.13	390	0
2017	11	4.09	-4.9	446.59	106.52	390	0
2017	12	2.52	-6.96	351.84	161.09	390	0
2018	1	-0.25	-9.49	385.06	96.9	390	0
2018	2	1.93	-8.07	431.88	123.69	390	0
2018	3	5.72	-5.28	667.66	88.19	390	0
2018	4	11.05	-0.32	725.9	94.99	390	0
2018	5	18.95	5.7	781.37	141.82	390	0
2018	6	24.45	11.79	821.5	86.54	390	0
2018	7	26.5	14.27	813.64	148.06	390	0
2018	8	25.89	13.35	792.27	142.35	390	0
2018	9	20.04	8.32	651.7	75.17	390	0
2018	10	12.26	1.64	554.42	144.47	390	0
2018	11	7.59	-2.5	445.74	128.55	390	0
2018	12	1.95	-7.2	381.84	123.12	390	0
2019	1	-3.13	-14.68	433.2	29	390	0
2019	2	0.18	-10.17	471.77	74.82	390	0
2019	3	3.16	-7.83	641.56	117.96	390	0
2019	4	11.57	-0.53	778.79	81.28	390	0
2019	5	15.18	4.55	674.72	173.09	390	0
2019	6	22.07	9.16	865.49	48.88	390	0
2019	7	24.83	12.19	850.44	76.06	390	0
2019	8	22.65	11.5	792.22	73.32	390	0
2019	9	19.6	8.05	667.85	61.6	390	0
2019	10	13.59	1.21	600.13	64.53	390	0
2019	11	6.68	-2.96	445.62	159.92	390	0
2019	12	-1.98	-15.21	373.08	78.67	390	0
2020	1	-2.09	-13.47	466.33	43.42	390	0
2020	2	2.98	-7.5	428.45	164.49	390	0
2020	3	5.23	-6.26	715.36	88.32	390	0
2020	4	8.84	-1.21	674.89	145.37	390	0
2020	5	20.03	6.65	796.12	55.92	390	0
2020	6	24.26	11.54	816.52	77.09	390	0
2020	7	27.55	14.61	834.42	59.08	390	0
2020	8	26.4	13	861.1	88.03	390	0
2020	9	21.86	9.43	669.92	181.88	390	0
2020	10	13.22	2.37	518.34	122.98	390	0
2020	11	5.47	-3.65	442.22	80.36	390	0
2020	12	2.16	-7.37	378.29	46.92	390	0
2021	1	1.25	-8.26	379.05	133.92	390	0
2021	2	1.7	-9.95	536.85	107.14	390	0
2021	3	4.7	-6.19	602.19	179.5	390	0
2021	4	14.23	1.74	710.03	177.54	390	0
2021	5	18.93	5.44	835.33	66.11	390	0
2021	6	26.33	12.21	844.58	108.86	390	0
2021	7	24.49	12.46	820.51	98.68	390	0
2021	8	25.59	12.58	827.45	88.4	390	0
2021	9	23.22	9.56	735.36	116.33	390	0
2021	10	14.3	1.62	629.22	41.68	390	0
2021	11	8.86	-1.85	470.48	35.64	390	0
2021	12	-0.51	-11.18	378.16	91	390	0
2022	1	-2.58	-13.99	455.66	33.99	390	0
2022	2	-1.63	-12.75	517.72	84.9	390	0
2022	3	6.88	-4.18	631.88	104.32	390	0
2022	4	11.67	0.21	735.08	171.02	390	0
2022	5	15.51	5.04	681.97	137.62	390	0
2022	6	24.6	12.11	786.95	89.48	390	0
2022	7	27.14	13.43	901.66	63.51	390	0
2022	8	25.13	13.76	729	90.74	390	0
2022	9	21.14	8.38	698.76	107.76	390	0
2022	10	11.78	0.17	578.38	91.1	390	0
2022	11	5.68	-3.52	421.04	142.03	390	0
2022	12	0.3	-9.78	333.57	116.98	390	0
2023	1	-0.34	-10.51	392.14	139.42	390	0
2023	2	0.53	-10.53	468.78	97.52	390	0
2023	3	5.29	-4.62	604.08	89.62	390	0
2023	4	11.41	-0.09	722.44	97.79	390	0
2023	5	20.93	7.38	749.35	112.02	390	0
2023	6	23.68	12.89	713.83	94.38	390	0
2023	7	27.06	13.63	859.51	109.15	390	0
2023	8	26.23	13.66	813.33	91.15	390	0
2023	9	20.53	8.68	662.46	116.34	390	0
2023	10	12.99	1.76	545.12	135.84	390	0
2023	11	9.57	-0.46	444.77	101.24	390	0
2023	12	2.35	-7	344.43	132.23	390	0
2024	1	-1.37	-12.22	374.13	96.28	390	0
2024	2	0.45	-9.51	419.59	123.04	390	0
2024	3	4	-6.25	661.39	170.07	390	0
2024	4	12.64	0.42	758.87	102.41	390	0
2024	5	17.93	5.76	649.6	215.62	390	0
2024	6	22.49	10.83	779.03	66.99	390	0
2024	7	25.58	13.72	774.37	131.1	390	0
2024	8	26.6	14.02	808.71	39.63	390	0
2024	9	18.13	7.21	662.66	81.26	390	0
2024	10	13.35	3.49	459.37	199.54	390	0
2024	11	6.16	-3.36	443	143.51	390	0
2024	12	-0.24	-10.49	360	74.53	390	0
2025	1	-2.93	-13.38	411.61	79.82	390	0
2025	2	-3.62	-15.43	548.69	16.27	390	0
2025	3	5.82	-6.05	672.58	53.58	390	0
2025	4	12.09	0.01	757.09	76.98	390	0
2025	5	16.81	4.77	754.83	107.71	390	0
2025	6	22.37	9.52	818.15	184.99	390	0
2025	7	25.4	12.93	836.2	109.64	390	0
2025	8	24.25	12.7	821.99	73.76	390	0
2025	9	19.42	7.14	736.39	86.83	390	0
2025	10	13.95	1.55	584.67	104.82	390	0
2025	11	8.69	-0.95	407.42	188.24	390	0
2025	12	-1.35	-11.48	378.13	53.63	390	0
2026	1	2.29	-7.21	356.3	110.35	390	0
2026	2	-2.52	-13.86	585.99	15.17	390	0
2026	3	4.93	-5.62	602.39	162.36	390	0
2026	4	12.12	-0.07	718.48	173.74	390	0
2026	5	20.08	6.82	735.4	137.24	390	0
2026	6	21.43	9.08	803.13	107.39	390	0
2026	7	25.9	13.81	766.53	117.65	390	0
2026	8	23.82	11.66	792.44	106.39	390	0
2026	9	19.43	7.49	687.69	48.33	390	0
2026	10	14.8	2.55	595.97	45.95	390	0
2026	11	6.2	-2.67	419.86	146.44	390	0
2026	12	3.09	-5.23	340.19	168.31	390	0
2027	1	-0.34	-10.51	392.14	139.42	390	0
2027	2	0.53	-10.53	468.78	97.52	390	0
2027	3	5.29	-4.62	604.08	89.62	390	0
2027	4	11.41	-0.09	722.44	97.79	390	0
2027	5	20.93	7.38	749.35	112.02	390	0
2027	6	23.68	12.89	713.83	94.38	390	0
2027	7	27.06	13.63	859.51	109.15	390	0
2027	8	26.23	13.66	813.33	91.15	390	0
2027	9	20.53	8.68	662.46	116.34	390	0
2027	10	12.99	1.76	545.12	135.84	390	0
2027	11	9.57	-0.46	444.77	101.24	390	0
2027	12	2.35	-7	344.43	132.23	390	0
2028	1	-4.51	-16.65	394.22	125.46	390	0
2028	2	-0.73	-12.79	579.07	22.51	390	0
2028	3	2.98	-7.54	719.09	111.08	390	0
2028	4	10.59	-0.77	737.08	119.14	390	0
2028	5	19.23	5.44	863.6	60.6	390	0
2028	6	23.91	10.29	884.87	52.54	390	0
2028	7	26.47	12.78	857.14	87.81	390	0
2028	8	24.48	12.33	807.29	103.21	390	0
2028	9	20.09	8.24	672.26	173.27	390	0
2028	10	12.08	1.92	490.45	181.13	390	0
2028	11	5.61	-3.3	408.29	143.68	390	0
2028	12	0.31	-10.74	370.96	100.17	390	0
2029	1	-2.6	-13.06	384.67	52.31	390	0
2029	2	-1.12	-11.92	525.21	30.29	390	0
2029	3	4.95	-6.4	670.82	101.82	390	0
2029	4	11.81	-0.08	736.2	137.33	390	0
2029	5	18.23	5.41	770.9	113.02	390	0
2029	6	21.93	9.94	770.34	162.85	390	0
2029	7	25.18	13.3	802.57	118.4	390	0
2029	8	24.5	12.63	769	132.28	390	0
2029	9	18.72	6.81	692.13	81.6	390	0
2029	10	12.89	1.19	532.67	71.13	390	0
2029	11	4.09	-4.9	446.59	106.52	390	0
2029	12	2.52	-6.96	351.84	161.09	390	0
2030	1	-2.93	-13.38	411.61	79.82	390	0
2030	2	-3.62	-15.43	548.69	16.27	390	0
2030	3	5.82	-6.05	672.58	53.58	390	0
2030	4	12.09	0.01	757.09	76.98	390	0
2030	5	16.81	4.77	754.83	107.71	390	0
2030	6	22.37	9.52	818.15	184.99	390	0
2030	7	25.4	12.93	836.2	109.64	390	0
2030	8	24.25	12.7	821.99	73.76	390	0
2030	9	19.42	7.14	736.39	86.83	390	0
2030	10	13.95	1.55	584.67	104.82	390	0
2030	11	8.69	-0.95	407.42	188.24	390	0
2030	12	-1.35	-11.48	378.13	53.63	390	0
2031	1	-1.73	-12.69	415.54	94.75	390	0
2031	2	-2.82	-15.2	543.68	61.85	390	0
2031	3	3.04	-8.19	660.01	127.07	390	0
2031	4	14.96	0.98	784.81	55.45	390	0
2031	5	17.45	5.17	749.28	72.49	390	0
2031	6	22.46	9.5	839.79	135.03	390	0
2031	7	26.11	13.91	817.48	60.5	390	0
2031	8	24.55	12.27	809.77	53.34	390	0
2031	9	22.18	7.73	758.14	11.1	390	0
2031	10	14.89	2.81	567.4	82.06	390	0
2031	11	8.67	-0.88	390.95	90.45	390	0
2031	12	3.05	-5.72	365.07	75.94	390	0
2032	1	1.51	-8.64	374.19	157.26	390	0
2032	2	0.19	-11.28	570.14	56.49	390	0
2032	3	5.1	-5.26	637.53	89.79	390	0
2032	4	13.28	0.94	771	73.43	390	0
2032	5	16.18	4.38	761.47	114.8	390	0
2032	6	23.68	12.22	742.41	164.36	390	0
2032	7	26.26	13.71	840.89	76.16	390	0
2032	8	25.01	13.21	794.2	48.67	390	0
2032	9	21.4	9.79	665.59	142.75	390	0
2032	10	14.07	2.81	556.01	108.03	390	0
2032	11	5.83	-2.39	418.24	150.14	390	0
2032	12	-0.05	-9.98	369.15	99.18	390	0
2033	1	-4.51	-16.65	394.22	125.46	390	0
2033	2	-0.73	-12.79	579.07	22.51	390	0
2033	3	2.98	-7.54	719.09	111.08	390	0
2033	4	10.59	-0.77	737.08	119.14	390	0
2033	5	19.23	5.44	863.6	60.6	390	0
2033	6	23.91	10.29	884.87	52.54	390	0
2033	7	26.47	12.78	857.14	87.81	390	0
2033	8	24.48	12.33	807.29	103.21	390	0
2033	9	20.09	8.24	672.26	173.27	390	0
2033	10	12.08	1.92	490.45	181.13	390	0
2033	11	5.61	-3.3	408.29	143.68	390	0
2033	12	0.31	-10.74	370.96	100.17	390	0
2034	1	-0.69	-11.32	423.32	73.13	390	0
2034	2	4.04	-6.32	456.95	61.12	390	0
2034	3	8.11	-4.42	735.96	57.59	390	0
2034	4	11.43	0.32	724.01	134.08	390	0
2034	5	17.85	5.19	787.78	76.15	390	0
2034	6	24.74	12.01	801.65	123.05	390	0
2034	7	26.56	15.82	778.42	106.32	390	0
2034	8	25.58	13.88	788.14	115.19	390	0
2034	9	21.05	8.57	686.55	105.63	390	0
2034	10	14.4	3.41	545.24	158.35	390	0
2034	11	7.47	-2	429.89	146.72	390	0
2034	12	3.05	-4.39	334.87	61.54	390	0
2035	1	-2.35	-12.87	420.19	49.89	390	0
2035	2	0.78	-10.75	534.96	76.97	390	0
2035	3	3.49	-7.32	726.39	65.32	390	0
2035	4	12.65	1.35	673.27	112.97	390	0
2035	5	17.64	5.5	731.33	81.85	390	0
2035	6	21.47	9.56	798.85	95.29	390	0
2035	7	24.7	12.92	813.47	62.7	390	0
2035	8	21.5	9.87	783.76	70.9	390	0
2035	9	21.23	9.58	655.62	202.69	390	0
2035	10	12.36	1.46	526.19	141.68	390	0
2035	11	6.66	-2.59	415.33	146.94	390	0
2035	12	2.76	-6.21	317.62	168.18	390	0
2036	1	-1	-11.45	442.34	31.78	390	0
2036	2	-0.9	-11.3	526.53	29.05	390	0
2036	3	5.1	-5.88	670.15	140.55	390	0
2036	4	13.32	0.85	762.14	50.16	390	0
2036	5	21.15	7.98	757.27	69.49	390	0
2036	6	22.75	10.42	782.79	145.65	390	0
2036	7	25.58	14.3	778.34	78.56	390	0
2036	8	24.38	12.36	830.23	66.98	390	0
2036	9	20.05	8.54	659.58	124.71	390	0
2036	10	13.57	3.76	465.44	173.97	390	0
2036	11	5.84	-2.97	408.79	135.99	390	0
2036	12	1.52	-7.77	364.05	161.5	390	0
2037	1	-3.74	-16.26	371.25	137.03	390	0
2037	2	2.67	-8.65	475.54	115.59	390	0
2037	3	5.04	-6.2	673.73	161.35	390	0
2037	4	11.21	-0.42	729.36	113.38	390	0
2037	5	18.92	6.37	735.69	101.69	390	0
2037	6	23.69	11.73	753.92	148.71	390	0
2037	7	24.16	11.42	867.78	22.74	390	0
2037	8	25.11	12.1	800.37	45.75	390	0
2037	9	19.84	6.82	712.89	114.03	390	0
2037	10	10.94	1.08	481.88	108.47	390	0
2037	11	7.22	-2.21	407.63	117.39	390	0
2037	12	1.4	-8.54	338.8	162.8	390	0
2038	1	-0.77	-10.22	373.78	131.42	390	0
2038	2	0.01	-10.2	408.57	176.75	390	0
2038	3	4.74	-4.66	605.62	127.43	390	0
2038	4	12.99	0.48	797.15	51.27	390	0
2038	5	17.62	6.27	704.53	97.94	390	0
2038	6	23.1	11.07	763.52	74.49	390	0
2038	7	24.2	11.61	851.54	75	390	0
2038	8	23.26	11.54	753.99	188.23	390	0
2038	9	20.67	8.41	670.57	81.99	390	0
2038	10	15.78	4	515.95	129.39	390	0
2038	11	4.66	-5.12	475.2	80.79	390	0
2038	12	1.38	-8.99	390.37	111.7	390	0
2039	1	-2.24	-13.07	407.91	106.44	390	0
2039	2	1.2	-10.75	485.47	75.39	390	0
2039	3	6.85	-3.88	620.74	119.44	390	0
2039	4	12.81	0.54	761.53	86.5	390	0
2039	5	18.51	5.73	797.81	92.07	390	0
2039	6	22.88	10.75	790.18	92.25	390	0
2039	7	26.52	13.41	872.35	51.82	390	0
2039	8	26.17	14.38	749.79	130.92	390	0
2039	9	20.55	7.74	721.71	52.73	390	0
2039	10	14.93	2.55	590.84	88.27	390	0
2039	11	7.42	-2.07	436.83	100.82	390	0
2039	12	1.4	-7.69	368.67	95.7	390	0
2040	1	-1.84	-11.94	393.62	146.33	390	0
2040	2	-3.76	-14.63	574.09	29.46	390	0
2040	3	6.47	-4.43	694.97	129.98	390	0
2040	4	10.97	-0.27	716.88	70.99	390	0
2040	5	22.11	7.73	800.41	89.68	390	0
2040	6	25.06	11.27	858.83	93.77	390	0
2040	7	27.37	14.61	813.2	167.81	390	0
2040	8	25.95	12.82	818.49	86	390	0
2040	9	20.09	7.07	726.89	107.2	390	0
2040	10	15.78	3.74	589.8	78.41	390	0
2040	11	7.94	-1.78	417.99	133.01	390	0
2040	12	-1.33	-12.36	416.06	77.71	390	0
2041	1	-4.51	-16.65	394.22	125.46	390	0
2041	2	-0.73	-12.79	579.07	22.51	390	0
2041	3	2.98	-7.54	719.09	111.08	390	0
2041	4	10.59	-0.77	737.08	119.14	390	0
2041	5	19.23	5.44	863.6	60.6	390	0
2041	6	23.91	10.29	884.87	52.54	390	0
2041	7	26.47	12.78	857.14	87.81	390	0
2041	8	24.48	12.33	807.29	103.21	390	0
2041	9	20.09	8.24	672.26	173.27	390	0
2041	10	12.08	1.92	490.45	181.13	390	0
2041	11	5.61	-3.3	408.29	143.68	390	0
2041	12	0.31	-10.74	370.96	100.17	390	0
2042	1	-1.46	-13.04	457.96	43.24	390	0
2042	2	3.88	-7.96	528.76	69.12	390	0
2042	3	4.14	-7.96	692.06	77.45	390	0
2042	4	13.84	0.64	795.69	114.5	390	0
2042	5	18.51	6.53	687.94	122.64	390	0
2042	6	25.33	12.54	795.07	86.01	390	0
2042	7	25.95	14.06	825.89	89.24	390	0
2042	8	24.29	11.97	784.32	109.93	390	0
2042	9	19.94	7.91	640.59	198.72	390	0
2042	10	13.07	1.45	580.57	53.77	390	0
2042	11	4.54	-4.72	473.5	62.88	390	0
2042	12	3.16	-7.31	380.5	88.53	390	0
2043	1	3.11	-7.47	373.6	112.54	390	0
2043	2	4.2	-7.25	530.82	38.52	390	0
2043	3	9.19	-3.5	723.16	67.42	390	0
2043	4	12.24	-0.34	777.91	52.43	390	0
2043	5	20.12	6.11	793.73	165.39	390	0
2043	6	23.38	11.3	747.16	187.71	390	0
2043	7	25.14	13.25	772.26	203.94	390	0
2043	8	24.08	12.34	748.84	131.93	390	0
2043	9	20.39	8.15	699.71	96.54	390	0
2043	10	13.63	2.4	512.36	131.44	390	0
2043	11	10.24	-0.3	407.08	84.78	390	0
2043	12	-1.51	-11.33	429.84	35.17	390	0
2044	1	-4.51	-16.15	479.42	41.88	390	0
2044	2	3.08	-7.62	511.14	63.67	390	0
2044	3	10.58	-2.35	644.33	97.8	390	0
2044	4	11.35	-0.36	770.06	98.85	390	0
2044	5	16.72	4.21	822.07	95.39	390	0
2044	6	24.02	10.98	819.53	57.08	390	0
2044	7	28.8	14.71	859.55	64.97	390	0
2044	8	27.11	13.77	840.69	69	390	0
2044	9	20.22	8.35	682.47	147.89	390	0
2044	10	16.19	3.71	568.94	48.14	390	0
2044	11	9.47	1.65	333.66	143.63	390	0
2044	12	3.11	-6.14	372.3	170.17	390	0
2045	1	0.59	-9.49	331.22	93.61	390	0
2045	2	-1.54	-12.96	540.72	21.71	390	0
2045	3	4.02	-6.74	685.38	94.63	390	0
2045	4	15.17	2.68	679.64	80.24	390	0
2045	5	17.73	5.6	746.72	118.97	390	0
2045	6	22.36	10.44	760.22	138.98	390	0
2045	7	26.97	14.21	819.63	114.54	390	0
2045	8	24.04	12.29	765.72	80.89	390	0
2045	9	21.46	9.03	686.55	95.57	390	0
2045	10	15.44	3.64	527.67	107.41	390	0
2045	11	9.68	-0.5	415.78	64.79	390	0
2045	12	2.67	-6.96	343.87	168.95	390	0
2046	1	-0.69	-11.32	423.32	73.13	390	0
2046	2	4.04	-6.32	456.95	61.12	390	0
2046	3	8.11	-4.42	735.96	57.59	390	0
2046	4	11.43	0.32	724.01	134.08	390	0
2046	5	17.85	5.19	787.78	76.15	390	0
2046	6	24.74	12.01	801.65	123.05	390	0
2046	7	26.56	15.82	778.42	106.32	390	0
2046	8	25.58	13.88	788.14	115.19	390	0
2046	9	21.05	8.57	686.55	105.63	390	0
2046	10	14.4	3.41	545.24	158.35	390	0
2046	11	7.47	-2	429.89	146.72	390	0
2046	12	3.05	-4.39	334.87	61.54	390	0
2047	1	2.29	-7.21	356.3	110.35	390	0
2047	2	-2.52	-13.86	585.99	15.17	390	0
2047	3	4.93	-5.62	602.39	162.36	390	0
2047	4	12.12	-0.07	718.48	173.74	390	0
2047	5	20.08	6.82	735.4	137.24	390	0
2047	6	21.43	9.08	803.13	107.39	390	0
2047	7	25.9	13.81	766.53	117.65	390	0
2047	8	23.82	11.66	792.44	106.39	390	0
2047	9	19.43	7.49	687.69	48.33	390	0
2047	10	14.8	2.55	595.97	45.95	390	0
2047	11	6.2	-2.67	419.86	146.44	390	0
2047	12	3.09	-5.23	340.19	168.31	390	0
2048	1	-3.13	-14.68	433.2	29	390	0
2048	2	0.18	-10.17	471.77	74.82	390	0
2048	3	3.16	-7.83	641.56	117.96	390	0
2048	4	11.57	-0.53	778.79	81.28	390	0
2048	5	15.18	4.55	674.72	173.09	390	0
2048	6	22.07	9.16	865.49	48.88	390	0
2048	7	24.83	12.19	850.44	76.06	390	0
2048	8	22.65	11.5	792.22	73.32	390	0
2048	9	19.6	8.05	667.85	61.6	390	0
2048	10	13.59	1.21	600.13	64.53	390	0
2048	11	6.68	-2.96	445.62	159.92	390	0
2048	12	-1.98	-15.21	373.08	78.67	390	0
2049	1	1.51	-8.64	374.19	157.26	390	0
2049	2	0.19	-11.28	570.14	56.49	390	0
2049	3	5.1	-5.26	637.53	89.79	390	0
2049	4	13.28	0.94	771	73.43	390	0
2049	5	16.18	4.38	761.47	114.8	390	0
2049	6	23.68	12.22	742.41	164.36	390	0
2049	7	26.26	13.71	840.89	76.16	390	0
2049	8	25.01	13.21	794.2	48.67	390	0
2049	9	21.4	9.79	665.59	142.75	390	0
2049	10	14.07	2.81	556.01	108.03	390	0
2049	11	5.83	-2.39	418.24	150.14	390	0
2049	12	-0.05	-9.98	369.15	99.18	390	0
2050	1	-2.66	-13.21	396.48	85.14	390	0
2050	2	2.42	-8.17	434.59	125.8	390	0
2050	3	4.37	-6.78	684.11	136	390	0
2050	4	10.08	-0.88	728.87	131.79	390	0
2050	5	19.58	6.69	747.93	105.12	390	0
2050	6	23.33	10.29	839.85	32.8	390	0
2050	7	26.51	13.69	852.97	80.6	390	0
2050	8	23.53	10.68	837.45	44.85	390	0
2050	9	21.48	8.17	739.94	64.25	390	0
2050	10	14.02	2.97	512.04	135.39	390	0
2050	11	6.94	-2.98	443.24	145.83	390	0
2050	12	3.24	-5.14	356.1	59.17	390	0
2051	1	3.11	-7.47	373.6	112.54	390	0
2051	2	4.2	-7.25	530.82	38.52	390	0
2051	3	9.19	-3.5	723.16	67.42	390	0
2051	4	12.24	-0.34	777.91	52.43	390	0
2051	5	20.12	6.11	793.73	165.39	390	0
2051	6	23.38	11.3	747.16	187.71	390	0
2051	7	25.14	13.25	772.26	203.94	390	0
2051	8	24.08	12.34	748.84	131.93	390	0
2051	9	20.39	8.15	699.71	96.54	390	0
2051	10	13.63	2.4	512.36	131.44	390	0
2051	11	10.24	-0.3	407.08	84.78	390	0
2051	12	-1.51	-11.33	429.84	35.17	390	0
2052	1	-0.79	-12.82	401.53	180.64	390	0
2052	2	-4.33	-16.77	518.09	52.87	390	0
2052	3	3.72	-6.35	656.19	143.35	390	0
2052	4	12.24	0.37	738.66	83.55	390	0
2052	5	18.09	5.32	735.03	151.01	390	0
2052	6	24.86	12.67	774.69	95.62	390	0
2052	7	25.7	13.18	838.08	92.25	390	0
2052	8	25.5	12.24	847.34	27.98	390	0
2052	9	19.63	6.57	712.76	166	390	0
2052	10	14.99	3.87	503.88	131.44	390	0
2052	11	5.17	-4.05	423.22	114.59	390	0
2052	12	-1.2	-10.63	378.43	89.98	390	0
2053	1	-2.6	-13.06	384.67	52.31	390	0
2053	2	-1.12	-11.92	525.21	30.29	390	0
2053	3	4.95	-6.4	670.82	101.82	390	0
2053	4	11.81	-0.08	736.2	137.33	390	0
2053	5	18.23	5.41	770.9	113.02	390	0
2053	6	21.93	9.94	770.34	162.85	390	0
2053	7	25.18	13.3	802.57	118.4	390	0
2053	8	24.5	12.63	769	132.28	390	0
2053	9	18.72	6.81	692.13	81.6	390	0
2053	10	12.89	1.19	532.67	71.13	390	0
2053	11	4.09	-4.9	446.59	106.52	390	0
2053	12	2.52	-6.96	351.84	161.09	390	0
2054	1	0.59	-9.49	331.22	93.61	390	0
2054	2	-1.54	-12.96	540.72	21.71	390	0
2054	3	4.02	-6.74	685.38	94.63	390	0
2054	4	15.17	2.68	679.64	80.24	390	0
2054	5	17.73	5.6	746.72	118.97	390	0
2054	6	22.36	10.44	760.22	138.98	390	0
2054	7	26.97	14.21	819.63	114.54	390	0
2054	8	24.04	12.29	765.72	80.89	390	0
2054	9	21.46	9.03	686.55	95.57	390	0
2054	10	15.44	3.64	527.67	107.41	390	0
2054	11	9.68	-0.5	415.78	64.79	390	0
2054	12	2.67	-6.96	343.87	168.95	390	0
2055	1	-2.17	-13.63	396.45	84.17	390	0
2055	2	2.6	-9.24	530.06	29.47	390	0
2055	3	4.83	-5.93	618.03	161.85	390	0
2055	4	14.18	0.79	775.32	81.16	390	0
2055	5	18.12	5.69	778.02	78	390	0
2055	6	23.16	11.48	735.41	225.04	390	0
2055	7	27.05	14.13	852.75	87.21	390	0
2055	8	26.24	13.5	830.04	99.2	390	0
2055	9	23.18	11.78	610.13	116.85	390	0
2055	10	13.64	2.62	554.52	112.74	390	0
2055	11	8.13	-1.98	391.74	96.09	390	0
2055	12	3.07	-6.14	323.03	133.12	390	0
2056	1	0.05	-10.52	403.31	50.38	390	0
2056	2	5.1	-6.02	560.11	31.3	390	0
2056	3	7.4	-4.03	665.43	100.02	390	0
2056	4	13.35	0.41	805.46	49.42	390	0
2056	5	19.68	5.23	871.62	64.18	390	0
2056	6	23.8	10.01	881.89	79.24	390	0
2056	7	25.82	14.35	730.73	158.41	390	0
2056	8	27.7	14.22	845.02	37.65	390	0
2056	9	19.99	7.61	726.54	74.93	390	0
2056	10	16.1	4.65	529.39	22.61	390	0
2056	11	9.06	-1.51	433.13	79.02	390	0
2056	12	0.8	-8.87	338.93	112.47	390	0
2057	1	-4.39	-13.94	428.38	52.59	390	0
2057	2	-0.95	-12.15	465.69	253.63	390	0
2057	3	6.15	-5.82	756.89	46.56	390	0
2057	4	15.81	2.79	708.7	115.31	390	0
2057	5	18.1	6.3	673.32	98.32	390	0
2057	6	23.58	10.79	829.11	89.43	390	0
2057	7	24.88	13.36	780.84	92.36	390	0
2057	8	25.84	14.43	781.39	72.04	390	0
2057	9	21.84	10.17	653.68	116.88	390	0
2057	10	14.59	3.08	528.67	89.5	390	0
2057	11	9.07	-1.85	464.91	173.34	390	0
2057	12	0.88	-9.24	380.51	72.28	390	0
2058	1	-0.34	-10.51	392.14	139.42	390	0
2058	2	0.53	-10.53	468.78	97.52	390	0
2058	3	5.29	-4.62	604.08	89.62	390	0
2058	4	11.41	-0.09	722.44	97.79	390	0
2058	5	20.93	7.38	749.35	112.02	390	0
2058	6	23.68	12.89	713.83	94.38	390	0
2058	7	27.06	13.63	859.51	109.15	390	0
2058	8	26.23	13.66	813.33	91.15	390	0
2058	9	20.53	8.68	662.46	116.34	390	0
2058	10	12.99	1.76	545.12	135.84	390	0
2058	11	9.57	-0.46	444.77	101.24	390	0
2058	12	2.35	-7	344.43	132.23	390	0
2059	1	0.05	-10.52	403.31	50.38	390	0
2059	2	5.1	-6.02	560.11	31.3	390	0
2059	3	7.4	-4.03	665.43	100.02	390	0
2059	4	13.35	0.41	805.46	49.42	390	0
2059	5	19.68	5.23	871.62	64.18	390	0
2059	6	23.8	10.01	881.89	79.24	390	0
2059	7	25.82	14.35	730.73	158.41	390	0
2059	8	27.7	14.22	845.02	37.65	390	0
2059	9	19.99	7.61	726.54	74.93	390	0
2059	10	16.1	4.65	529.39	22.61	390	0
2059	11	9.06	-1.51	433.13	79.02	390	0
2059	12	0.8	-8.87	338.93	112.47	390	0
2060	1	-2.46	-13.54	420.78	108.19	390	0
2060	2	2	-9.48	499.34	77.06	390	0
2060	3	4.65	-6.24	701.87	79.02	390	0
2060	4	13.65	0.66	770.99	81.41	390	0
2060	5	18.94	6.24	729.9	108.41	390	0
2060	6	21.07	9.22	768.63	125.62	390	0
2060	7	25.1	12.8	831.73	89.36	390	0
2060	8	24.32	12.64	749.2	119.46	390	0
2060	9	18.77	6.07	748.08	98.55	390	0
2060	10	11.66	0.87	519.93	92.89	390	0
2060	11	6.16	-2.99	403.39	156.28	390	0
2060	12	1.11	-7.84	346.32	128.65	390	0
2061	1	-5.57	-17.6	411.24	111.61	390	0
2061	2	-0.28	-11.18	517.85	126.46	390	0
2061	3	0.19	-11.57	726.82	73.49	390	0
2061	4	12.03	-0.36	726.28	92.9	390	0
2061	5	17.61	6.02	704.41	137.58	390	0
2061	6	21.82	10.1	737.59	178.75	390	0
2061	7	25.66	13.17	820.22	111.56	390	0
2061	8	25.93	13.24	814.47	81.12	390	0
2061	9	20.46	8.74	655.5	162.03	390	0
2061	10	12.65	1.86	489.46	294.06	390	0
2061	11	6.88	-1.94	398.88	103.91	390	0
2061	12	0.14	-11.16	387.92	87.5	390	0
2062	1	0.99	-9.86	425.29	133.01	390	0
2062	2	1.98	-8.96	570.79	70.93	390	0
2062	3	5.64	-5.19	652.48	110.57	390	0
2062	4	10.76	-0.2	730.11	137.68	390	0
2062	5	16.92	5.24	724.38	55.04	390	0
2062	6	21.49	9.85	784.22	73.88	390	0
2062	7	25.13	13.81	749.75	215.58	390	0
2062	8	24.36	11.81	820.82	76.47	390	0
2062	9	19.62	6.03	777.98	28.59	390	0
2062	10	13.95	2.21	526.36	108.6	390	0
2062	11	8.41	-2.18	450.55	112.17	390	0
2062	12	-1.66	-11.15	376.02	111.28	390	0
2063	1	-4.23	-16.18	395.48	131.71	390	0
2063	2	-3.52	-16.74	565.39	55.19	390	0
2063	3	5.86	-5.07	671.99	64.29	390	0
2063	4	9.46	-1.12	749.9	70.4	390	0
2063	5	20.13	6.13	801.29	60.25	390	0
2063	6	23.24	11.67	789.14	47.32	390	0
2063	7	24.82	13.2	785.78	78.02	390	0
2063	8	25.02	12.04	820.06	64.29	390	0
2063	9	18.69	6.96	677.6	92.36	390	0
2063	10	13.05	1.05	609.93	24.97	390	0
2063	11	7.47	-2.81	423.02	173.9	390	0
2063	12	2.77	-5.69	343.63	140.15	390	0
2064	1	-2.93	-13.38	411.61	79.82	390	0
2064	2	-3.62	-15.43	548.69	16.27	390	0
2064	3	5.82	-6.05	672.58	53.58	390	0
2064	4	12.09	0.01	757.09	76.98	390	0
2064	5	16.81	4.77	754.83	107.71	390	0
2064	6	22.37	9.52	818.15	184.99	390	0
2064	7	25.4	12.93	836.2	109.64	390	0
2064	8	24.25	12.7	821.99	73.76	390	0
2064	9	19.42	7.14	736.39	86.83	390	0
2064	10	13.95	1.55	584.67	104.82	390	0
2064	11	8.69	-0.95	407.42	188.24	390	0
2064	12	-1.35	-11.48	378.13	53.63	390	0
2065	1	-2.4	-13.62	444.74	60.72	390	0
2065	2	-0.94	-13.57	574.83	35.39	390	0
2065	3	4.87	-5.89	704.51	64.21	390	0
2065	4	13.11	0.15	789.38	102.77	390	0
2065	5	15.82	3.99	753.2	105.02	390	0
2065	6	21.67	10.57	722.6	158.15	390	0
2065	7	26.89	14.19	816.95	72.68	390	0
2065	8	26.35	13.24	838.21	48.55	390	0
2065	9	23.65	9.99	713.01	63.88	390	0
2065	10	16.72	4.5	531.03	110.07	390	0
2065	11	10.23	-1.17	464.06	28.12	390	0
2065	12	1.46	-9.45	336.96	130.8	390	0
2066	1	0.8	-10.5	383.91	112.83	390	0
2066	2	1.06	-10.76	546.04	46.96	390	0
2066	3	5.09	-5.8	727.74	76.59	390	0
2066	4	10.2	-1.05	684.22	137.19	390	0
2066	5	20.27	7.5	663.47	142.35	390	0
2066	6	21.39	9.94	734.24	181.64	390	0
2066	7	23.32	11.85	753.68	149.51	390	0
2066	8	24.23	12.49	764.61	155.3	390	0
2066	9	19.19	7.84	678.92	100.38	390	0
2066	10	12.43	1.21	565.01	134.56	390	0
2066	11	3.44	-6.02	432.05	112.35	390	0
2066	12	-1.62	-11.41	374.78	45.17	390	0
2067	1	-2.66	-13.21	396.48	85.14	390	0
2067	2	2.42	-8.17	434.59	125.8	390	0
2067	3	4.37	-6.78	684.11	136	390	0
2067	4	10.08	-0.88	728.87	131.79	390	0
2067	5	19.58	6.69	747.93	105.12	390	0
2067	6	23.33	10.29	839.85	32.8	390	0
2067	7	26.51	13.69	852.97	80.6	390	0
2067	8	23.53	10.68	837.45	44.85	390	0
2067	9	21.48	8.17	739.94	64.25	390	0
2067	10	14.02	2.97	512.04	135.39	390	0
2067	11	6.94	-2.98	443.24	145.83	390	0
2067	12	3.24	-5.14	356.1	59.17	390	0
2068	1	-2.44	-12.47	401.62	99.07	390	0
2068	2	2.31	-9.08	451.08	124.23	390	0
2068	3	7.3	-4.28	713.68	74.95	390	0
2068	4	13.28	0.43	747.48	74.15	390	0
2068	5	18.77	5.81	750.89	126.71	390	0
2068	6	23.09	10.34	805.08	98.45	390	0
2068	7	24.76	12.02	845.92	135.32	390	0
2068	8	22.57	10.71	828.65	92.92	390	0
2068	9	22.17	9.64	685.46	73.5	390	0
2068	10	14.55	2.78	540.68	222.83	390	0
2068	11	7.61	-1.79	419.66	37.98	390	0
2068	12	1.6	-7.9	388.1	101.92	390	0
2069	1	-0.69	-11.32	423.32	73.13	390	0
2069	2	4.04	-6.32	456.95	61.12	390	0
2069	3	8.11	-4.42	735.96	57.59	390	0
2069	4	11.43	0.32	724.01	134.08	390	0
2069	5	17.85	5.19	787.78	76.15	390	0
2069	6	24.74	12.01	801.65	123.05	390	0
2069	7	26.56	15.82	778.42	106.32	390	0
2069	8	25.58	13.88	788.14	115.19	390	0
2069	9	21.05	8.57	686.55	105.63	390	0
2069	10	14.4	3.41	545.24	158.35	390	0
2069	11	7.47	-2	429.89	146.72	390	0
2069	12	3.05	-4.39	334.87	61.54	390	0
2070	1	-2.41	-13.43	420.16	34.22	390	0
2070	2	1.87	-8.59	505.5	71.06	390	0
2070	3	5.82	-5.47	744.22	59.29	390	0
2070	4	13.62	1.07	778.31	113.25	390	0
2070	5	17.48	4.77	836.05	79.58	390	0
2070	6	20.98	8.81	800.2	120.66	390	0
2070	7	25.67	13.54	784.18	100.01	390	0
2070	8	23.17	11.3	790.46	170.26	390	0
2070	9	20.19	6.74	738.44	121.19	390	0
2070	10	12.3	0.88	560.44	156.1	390	0
2070	11	8.91	-1.94	438.54	96.78	390	0
2070	12	1.39	-9.12	400.14	56.57	390	0
2071	1	-3.13	-14.68	433.2	29	390	0
2071	2	0.18	-10.17	471.77	74.82	390	0
2071	3	3.16	-7.83	641.56	117.96	390	0
2071	4	11.57	-0.53	778.79	81.28	390	0
2071	5	15.18	4.55	674.72	173.09	390	0
2071	6	22.07	9.16	865.49	48.88	390	0
2071	7	24.83	12.19	850.44	76.06	390	0
2071	8	22.65	11.5	792.22	73.32	390	0
2071	9	19.6	8.05	667.85	61.6	390	0
2071	10	13.59	1.21	600.13	64.53	390	0
2071	11	6.68	-2.96	445.62	159.92	390	0
2071	12	-1.98	-15.21	373.08	78.67	390	0
2072	1	-2.93	-13.38	411.61	79.82	390	0
2072	2	-3.62	-15.43	548.69	16.27	390	0
2072	3	5.82	-6.05	672.58	53.58	390	0
2072	4	12.09	0.01	757.09	76.98	390	0
2072	5	16.81	4.77	754.83	107.71	390	0
2072	6	22.37	9.52	818.15	184.99	390	0
2072	7	25.4	12.93	836.2	109.64	390	0
2072	8	24.25	12.7	821.99	73.76	390	0
2072	9	19.42	7.14	736.39	86.83	390	0
2072	10	13.95	1.55	584.67	104.82	390	0
2072	11	8.69	-0.95	407.42	188.24	390	0
2072	12	-1.35	-11.48	378.13	53.63	390	0
2073	1	-4.39	-13.94	428.38	52.59	390	0
2073	2	-0.95	-12.15	465.69	253.63	390	0
2073	3	6.15	-5.82	756.89	46.56	390	0
2073	4	15.81	2.79	708.7	115.31	390	0
2073	5	18.1	6.3	673.32	98.32	390	0
2073	6	23.58	10.79	829.11	89.43	390	0
2073	7	24.88	13.36	780.84	92.36	390	0
2073	8	25.84	14.43	781.39	72.04	390	0
2073	9	21.84	10.17	653.68	116.88	390	0
2073	10	14.59	3.08	528.67	89.5	390	0
2073	11	9.07	-1.85	464.91	173.34	390	0
2073	12	0.88	-9.24	380.51	72.28	390	0
2074	1	-2.22	-13.48	417.86	76	390	0
2074	2	0.16	-11.47	567.72	43.4	390	0
2074	3	7.81	-2.76	623.29	115.11	390	0
2074	4	12.24	0.97	668.16	106.72	390	0
2074	5	20.05	7.33	698.76	152.65	390	0
2074	6	25.09	11.89	854.68	133.37	390	0
2074	7	25.92	13.61	807.7	119.99	390	0
2074	8	25.74	12.98	831.13	49.05	390	0
2074	9	21.48	8.19	737.83	83.01	390	0
2074	10	14.14	1.46	602.19	34.57	390	0
2074	11	5.77	-4.25	470.48	119.02	390	0
2074	12	2.7	-7.55	361.89	111.53	390	0
2075	1	-5.57	-17.6	411.24	111.61	390	0
2075	2	-0.28	-11.18	517.85	126.46	390	0
2075	3	0.19	-11.57	726.82	73.49	390	0
2075	4	12.03	-0.36	726.28	92.9	390	0
2075	5	17.61	6.02	704.41	137.58	390	0
2075	6	21.82	10.1	737.59	178.75	390	0
2075	7	25.66	13.17	820.22	111.56	390	0
2075	8	25.93	13.24	814.47	81.12	390	0
2075	9	20.46	8.74	655.5	162.03	390	0
2075	10	12.65	1.86	489.46	294.06	390	0
2075	11	6.88	-1.94	398.88	103.91	390	0
2075	12	0.14	-11.16	387.92	87.5	390	0
2076	1	-4.06	-16.19	439.51	65.83	390	0
2076	2	0.71	-10.8	503.92	111.15	390	0
2076	3	5.34	-5.71	665.88	67.25	390	0
2076	4	11.29	-0.06	698.42	132.32	390	0
2076	5	19.25	6.97	713.52	90.5	390	0
2076	6	21.72	9.98	747.16	143.68	390	0
2076	7	27.39	14.79	818.35	112.07	390	0
2076	8	26	13.65	787.37	113.02	390	0
2076	9	19.08	7.33	704.11	103.09	390	0
2076	10	13.3	2.15	547.49	238.63	390	0
2076	11	6.01	-2.57	433.07	53.28	390	0
2076	12	-0.76	-9.56	346.32	135.88	390	0
2077	1	-0.69	-11.32	423.32	73.13	390	0
2077	2	4.04	-6.32	456.95	61.12	390	0
2077	3	8.11	-4.42	735.96	57.59	390	0
2077	4	11.43	0.32	724.01	134.08	390	0
2077	5	17.85	5.19	787.78	76.15	390	0
2077	6	24.74	12.01	801.65	123.05	390	0
2077	7	26.56	15.82	778.42	106.32	390	0
2077	8	25.58	13.88	788.14	115.19	390	0
2077	9	21.05	8.57	686.55	105.63	390	0
2077	10	14.4	3.41	545.24	158.35	390	0
2077	11	7.47	-2	429.89	146.72	390	0
2077	12	3.05	-4.39	334.87	61.54	390	0
2078	1	-2.49	-13.34	436.01	81.75	390	0
2078	2	-0.6	-12.14	559.47	70.58	390	0
2078	3	4.71	-6.09	678.58	158.99	390	0
2078	4	12.52	0.55	699.21	145.76	390	0
2078	5	17.73	6.06	696.59	114.77	390	0
2078	6	22.18	10.16	807	56.51	390	0
2078	7	24.09	12.44	783.84	86.78	390	0
2078	8	23.59	11.04	820.75	96.06	390	0
2078	9	21.72	9.59	678.16	162.77	390	0
2078	10	15.27	4.18	485.1	162.13	390	0
2078	11	9.26	-1.33	463.16	57.5	390	0
2078	12	-0.8	-10.53	357.58	72.68	390	0
2079	1	-0.69	-11.32	423.32	73.13	390	0
2079	2	4.04	-6.32	456.95	61.12	390	0
2079	3	8.11	-4.42	735.96	57.59	390	0
2079	4	11.43	0.32	724.01	134.08	390	0
2079	5	17.85	5.19	787.78	76.15	390	0
2079	6	24.74	12.01	801.65	123.05	390	0
2079	7	26.56	15.82	778.42	106.32	390	0
2079	8	25.58	13.88	788.14	115.19	390	0
2079	9	21.05	8.57	686.55	105.63	390	0
2079	10	14.4	3.41	545.24	158.35	390	0
2079	11	7.47	-2	429.89	146.72	390	0
2079	12	3.05	-4.39	334.87	61.54	390	0
2080	1	-2.35	-12.87	420.19	49.89	390	0
2080	2	0.78	-10.75	534.96	76.97	390	0
2080	3	3.49	-7.32	726.39	65.32	390	0
2080	4	12.65	1.35	673.27	112.97	390	0
2080	5	17.64	5.5	731.33	81.85	390	0
2080	6	21.47	9.56	798.85	95.29	390	0
2080	7	24.7	12.92	813.47	62.7	390	0
2080	8	21.5	9.87	783.76	70.9	390	0
2080	9	21.23	9.58	655.62	202.69	390	0
2080	10	12.36	1.46	526.19	141.68	390	0
2080	11	6.66	-2.59	415.33	146.94	390	0
2080	12	2.76	-6.21	317.62	168.18	390	0
2081	1	-4.23	-16.18	395.48	131.71	390	0
2081	2	-3.52	-16.74	565.39	55.19	390	0
2081	3	5.86	-5.07	671.99	64.29	390	0
2081	4	9.46	-1.12	749.9	70.4	390	0
2081	5	20.13	6.13	801.29	60.25	390	0
2081	6	23.24	11.67	789.14	47.32	390	0
2081	7	24.82	13.2	785.78	78.02	390	0
2081	8	25.02	12.04	820.06	64.29	390	0
2081	9	18.69	6.96	677.6	92.36	390	0
2081	10	13.05	1.05	609.93	24.97	390	0
2081	11	7.47	-2.81	423.02	173.9	390	0
2081	12	2.77	-5.69	343.63	140.15	390	0
2082	1	-2.49	-13.34	436.01	81.75	390	0
2082	2	-0.6	-12.14	559.47	70.58	390	0
2082	3	4.71	-6.09	678.58	158.99	390	0
2082	4	12.52	0.55	699.21	145.76	390	0
2082	5	17.73	6.06	696.59	114.77	390	0
2082	6	22.18	10.16	807	56.51	390	0
2082	7	24.09	12.44	783.84	86.78	390	0
2082	8	23.59	11.04	820.75	96.06	390	0
2082	9	21.72	9.59	678.16	162.77	390	0
2082	10	15.27	4.18	485.1	162.13	390	0
2082	11	9.26	-1.33	463.16	57.5	390	0
2082	12	-0.8	-10.53	357.58	72.68	390	0
2083	1	0.05	-10.52	403.31	50.38	390	0
2083	2	5.1	-6.02	560.11	31.3	390	0
2083	3	7.4	-4.03	665.43	100.02	390	0
2083	4	13.35	0.41	805.46	49.42	390	0
2083	5	19.68	5.23	871.62	64.18	390	0
2083	6	23.8	10.01	881.89	79.24	390	0
2083	7	25.82	14.35	730.73	158.41	390	0
2083	8	27.7	14.22	845.02	37.65	390	0
2083	9	19.99	7.61	726.54	74.93	390	0
2083	10	16.1	4.65	529.39	22.61	390	0
2083	11	9.06	-1.51	433.13	79.02	390	0
2083	12	0.8	-8.87	338.93	112.47	390	0
2084	1	-2.4	-13.62	444.74	60.72	390	0
2084	2	-0.94	-13.57	574.83	35.39	390	0
2084	3	4.87	-5.89	704.51	64.21	390	0
2084	4	13.11	0.15	789.38	102.77	390	0
2084	5	15.82	3.99	753.2	105.02	390	0
2084	6	21.67	10.57	722.6	158.15	390	0
2084	7	26.89	14.19	816.95	72.68	390	0
2084	8	26.35	13.24	838.21	48.55	390	0
2084	9	23.65	9.99	713.01	63.88	390	0
2084	10	16.72	4.5	531.03	110.07	390	0
2084	11	10.23	-1.17	464.06	28.12	390	0
2084	12	1.46	-9.45	336.96	130.8	390	0
2085	1	-2.17	-13.63	396.45	84.17	390	0
2085	2	2.6	-9.24	530.06	29.47	390	0
2085	3	4.83	-5.93	618.03	161.85	390	0
2085	4	14.18	0.79	775.32	81.16	390	0
2085	5	18.12	5.69	778.02	78	390	0
2085	6	23.16	11.48	735.41	225.04	390	0
2085	7	27.05	14.13	852.75	87.21	390	0
2085	8	26.24	13.5	830.04	99.2	390	0
2085	9	23.18	11.78	610.13	116.85	390	0
2085	10	13.64	2.62	554.52	112.74	390	0
2085	11	8.13	-1.98	391.74	96.09	390	0
2085	12	3.07	-6.14	323.03	133.12	390	0
2086	1	-4.23	-16.18	395.48	131.71	390	0
2086	2	-3.52	-16.74	565.39	55.19	390	0
2086	3	5.86	-5.07	671.99	64.29	390	0
2086	4	9.46	-1.12	749.9	70.4	390	0
2086	5	20.13	6.13	801.29	60.25	390	0
2086	6	23.24	11.67	789.14	47.32	390	0
2086	7	24.82	13.2	785.78	78.02	390	0
2086	8	25.02	12.04	820.06	64.29	390	0
2086	9	18.69	6.96	677.6	92.36	390	0
2086	10	13.05	1.05	609.93	24.97	390	0
2086	11	7.47	-2.81	423.02	173.9	390	0
2086	12	2.77	-5.69	343.63	140.15	390	0
2087	1	-2.22	-13.48	417.86	76	390	0
2087	2	0.16	-11.47	567.72	43.4	390	0
2087	3	7.81	-2.76	623.29	115.11	390	0
2087	4	12.24	0.97	668.16	106.72	390	0
2087	5	20.05	7.33	698.76	152.65	390	0
2087	6	25.09	11.89	854.68	133.37	390	0
2087	7	25.92	13.61	807.7	119.99	390	0
2087	8	25.74	12.98	831.13	49.05	390	0
2087	9	21.48	8.19	737.83	83.01	390	0
2087	10	14.14	1.46	602.19	34.57	390	0
2087	11	5.77	-4.25	470.48	119.02	390	0
2087	12	2.7	-7.55	361.89	111.53	390	0
2088	1	-1.71	-10.99	387.08	85	390	0
2088	2	-1.98	-14.71	518.14	206.86	390	0
2088	3	3.96	-7.53	683.01	65.52	390	0
2088	4	9.22	-0.66	646.38	173.08	390	0
2088	5	22.56	7.67	854.84	67.5	390	0
2088	6	24.63	12.1	809.95	84.02	390	0
2088	7	25.96	13.56	821.78	90.1	390	0
2088	8	24.38	12.4	772.85	165.95	390	0
2088	9	21.91	8.91	693.77	141.01	390	0
2088	10	15.81	2.78	603.56	86.62	390	0
2088	11	8.29	-1.92	448.13	104.16	390	0
2088	12	3.36	-6.79	367.77	60.97	390	0
2089	1	-0.69	-11.32	423.32	73.13	390	0
2089	2	4.04	-6.32	456.95	61.12	390	0
2089	3	8.11	-4.42	735.96	57.59	390	0
2089	4	11.43	0.32	724.01	134.08	390	0
2089	5	17.85	5.19	787.78	76.15	390	0
2089	6	24.74	12.01	801.65	123.05	390	0
2089	7	26.56	15.82	778.42	106.32	390	0
2089	8	25.58	13.88	788.14	115.19	390	0
2089	9	21.05	8.57	686.55	105.63	390	0
2089	10	14.4	3.41	545.24	158.35	390	0
2089	11	7.47	-2	429.89	146.72	390	0
2089	12	3.05	-4.39	334.87	61.54	390	0
2090	1	-5.63	-17.26	435.36	69.14	390	0
2090	2	-1.96	-14.92	589.53	25.22	390	0
2090	3	6.89	-3.89	653.24	107.93	390	0
2090	4	9.62	-0.89	723.94	150.79	390	0
2090	5	18.75	5.96	824.51	85.72	390	0
2090	6	23.46	10.34	836.85	73.96	390	0
2090	7	24.49	12.66	811.89	96.99	390	0
2090	8	25.91	13.06	839.5	97.66	390	0
2090	9	20.1	9.34	602.67	143.74	390	0
2090	10	13.87	1.91	576.16	33.76	390	0
2090	11	7.29	-2.6	453.09	50.12	390	0
2090	12	2.52	-7.06	370.4	116.65	390	0
2091	1	3.11	-7.47	373.6	112.54	390	0
2091	2	4.2	-7.25	530.82	38.52	390	0
2091	3	9.19	-3.5	723.16	67.42	390	0
2091	4	12.24	-0.34	777.91	52.43	390	0
2091	5	20.12	6.11	793.73	165.39	390	0
2091	6	23.38	11.3	747.16	187.71	390	0
2091	7	25.14	13.25	772.26	203.94	390	0
2091	8	24.08	12.34	748.84	131.93	390	0
2091	9	20.39	8.15	699.71	96.54	390	0
2091	10	13.63	2.4	512.36	131.44	390	0
2091	11	10.24	-0.3	407.08	84.78	390	0
2091	12	-1.51	-11.33	429.84	35.17	390	0
2092	1	0.98	-10.15	385.83	170.53	390	0
2092	2	-0.65	-13.68	517.63	45.73	390	0
2092	3	3.62	-6.88	709.55	60.2	390	0
2092	4	11.6	-0.81	792.43	47.28	390	0
2092	5	17.31	5.29	816.38	57.31	390	0
2092	6	25.19	10.83	886.49	54.44	390	0
2092	7	27.44	14.18	831.95	78.81	390	0
2092	8	26.01	13.9	720.14	139.91	390	0
2092	9	20.27	8.41	645.67	211.18	390	0
2092	10	14.41	2.77	571.3	30.57	390	0
2092	11	5.76	-3.87	423.07	146.17	390	0
2092	12	5.13	-4.91	371.27	30.26	390	0
2093	1	2.29	-7.21	356.3	110.35	390	0
2093	2	-2.52	-13.86	585.99	15.17	390	0
2093	3	4.93	-5.62	602.39	162.36	390	0
2093	4	12.12	-0.07	718.48	173.74	390	0
2093	5	20.08	6.82	735.4	137.24	390	0
2093	6	21.43	9.08	803.13	107.39	390	0
2093	7	25.9	13.81	766.53	117.65	390	0
2093	8	23.82	11.66	792.44	106.39	390	0
2093	9	19.43	7.49	687.69	48.33	390	0
2093	10	14.8	2.55	595.97	45.95	390	0
2093	11	6.2	-2.67	419.86	146.44	390	0
2093	12	3.09	-5.23	340.19	168.31	390	0
2094	1	-0.25	-9.49	385.06	96.9	390	0
2094	2	1.93	-8.07	431.88	123.69	390	0
2094	3	5.72	-5.28	667.66	88.19	390	0
2094	4	11.05	-0.32	725.9	94.99	390	0
2094	5	18.95	5.7	781.37	141.82	390	0
2094	6	24.45	11.79	821.5	86.54	390	0
2094	7	26.5	14.27	813.64	148.06	390	0
2094	8	25.89	13.35	792.27	142.35	390	0
2094	9	20.04	8.32	651.7	75.17	390	0
2094	10	12.26	1.64	554.42	144.47	390	0
2094	11	7.59	-2.5	445.74	128.55	390	0
2094	12	1.95	-7.2	381.84	123.12	390	0
2095	1	-1.33	-10.89	372.08	112.28	390	0
2095	2	0.63	-11.18	509.23	90.28	390	0
2095	3	3.54	-7.95	633.64	138.34	390	0
2095	4	10.42	-1.39	798.25	41.26	390	0
2095	5	19.44	5.74	826.32	102.88	390	0
2095	6	23.98	10.94	854.72	69.15	390	0
2095	7	27.28	15.43	780.24	97.89	390	0
2095	8	27.05	13.7	807.1	78.16	390	0
2095	9	21.6	8.45	747.29	39.18	390	0
2095	10	12.21	0.84	552	114.05	390	0
2095	11	8.29	-1.02	416.34	98.8	390	0
2095	12	5.03	-4.84	382.54	134.6	390	0
2096	1	1.51	-8.64	374.19	157.26	390	0
2096	2	0.19	-11.28	570.14	56.49	390	0
2096	3	5.1	-5.26	637.53	89.79	390	0
2096	4	13.28	0.94	771	73.43	390	0
2096	5	16.18	4.38	761.47	114.8	390	0
2096	6	23.68	12.22	742.41	164.36	390	0
2096	7	26.26	13.71	840.89	76.16	390	0
2096	8	25.01	13.21	794.2	48.67	390	0
2096	9	21.4	9.79	665.59	142.75	390	0
2096	10	14.07	2.81	556.01	108.03	390	0
2096	11	5.83	-2.39	418.24	150.14	390	0
2096	12	-0.05	-9.98	369.15	99.18	390	0
2097	1	-2.22	-13.48	417.86	76	390	0
2097	2	0.16	-11.47	567.72	43.4	390	0
2097	3	7.81	-2.76	623.29	115.11	390	0
2097	4	12.24	0.97	668.16	106.72	390	0
2097	5	20.05	7.33	698.76	152.65	390	0
2097	6	25.09	11.89	854.68	133.37	390	0
2097	7	25.92	13.61	807.7	119.99	390	0
2097	8	25.74	12.98	831.13	49.05	390	0
2097	9	21.48	8.19	737.83	83.01	390	0
2097	10	14.14	1.46	602.19	34.57	390	0
2097	11	5.77	-4.25	470.48	119.02	390	0
2097	12	2.7	-7.55	361.89	111.53	390	0
2098	1	-2.09	-13.47	466.33	43.42	390	0
2098	2	2.98	-7.5	428.45	164.49	390	0
2098	3	5.23	-6.26	715.36	88.32	390	0
2098	4	8.84	-1.21	674.89	145.37	390	0
2098	5	20.03	6.65	796.12	55.92	390	0
2098	6	24.26	11.54	816.52	77.09	390	0
2098	7	27.55	14.61	834.42	59.08	390	0
2098	8	26.4	13	861.1	88.03	390	0
2098	9	21.86	9.43	669.92	181.88	390	0
2098	10	13.22	2.37	518.34	122.98	390	0
2098	11	5.47	-3.65	442.22	80.36	390	0
2098	12	2.16	-7.37	378.29	46.92	390	0
2099	1	-2.41	-13.43	420.16	34.22	390	0
2099	2	1.87	-8.59	505.5	71.06	390	0
2099	3	5.82	-5.47	744.22	59.29	390	0
2099	4	13.62	1.07	778.31	113.25	390	0
2099	5	17.48	4.77	836.05	79.58	390	0
2099	6	20.98	8.81	800.2	120.66	390	0
2099	7	25.67	13.54	784.18	100.01	390	0
2099	8	23.17	11.3	790.46	170.26	390	0
2099	9	20.19	6.74	738.44	121.19	390	0
2099	10	12.3	0.88	560.44	156.1	390	0
2099	11	8.91	-1.94	438.54	96.78	390	0
2099	12	1.39	-9.12	400.14	56.57	390	0
2100-2200	1	-2.41	-13.43	420.16	34.22	390	0
2100-2200	2	1.87	-8.59	505.5	71.06	390	0
2100-2200	3	5.82	-5.47	744.22	59.29	390	0
2100-2200	4	13.62	1.07	778.31	113.25	390	0
2100-2200	5	17.48	4.77	836.05	79.58	390	0
2100-2200	6	20.98	8.81	800.2	120.66	390	0
2100-2200	7	25.67	13.54	784.18	100.01	390	0
2100-2200	8	23.17	11.3	790.46	170.26	390	0
2100-2200	9	20.19	6.74	738.44	121.19	390	0
2100-2200	10	12.3	0.88	560.44	156.1	390	0
2100-2200	11	8.91	-1.94	438.54	96.78	390	0
2100-2200	12	1.39	-9.12	400.14	56.57	390	0
