Year	Month	Tmax	Tmin	PAR	Prec	CO2	O3
1200-1949	1	-2.48999999999995	-13.34	436.01	81.75	390	0
1200-1949	2	-0.599999999999966	-12.14	559.47	70.58	390	0
1200-1949	3	4.71000000000004	-6.08999999999997	678.58	158.99	390	0
1200-1949	4	12.52	0.550000000000011	699.21	145.76	390	0
1200-1949	5	17.73	6.06	696.59	114.77	390	0
1200-1949	6	22.18	10.16	807	56.51	390	0
1200-1949	7	24.09	12.44	783.84	86.78	390	0
1200-1949	8	23.59	11.04	820.75	96.06	390	0
1200-1949	9	21.72	9.59000000000003	678.16	162.77	390	0
1200-1949	10	15.27	4.18000000000001	485.1	162.13	390	0
1200-1949	11	9.26000000000005	-1.32999999999998	463.16	57.5	390	0
1200-1949	12	-0.799999999999955	-10.53	357.58	72.68	390	0
1950	1	-2.48999999999995	-13.34	436.01	81.75	390	0
1950	2	-0.599999999999966	-12.14	559.47	70.58	390	0
1950	3	4.71000000000004	-6.08999999999997	678.58	158.99	390	0
1950	4	12.52	0.550000000000011	699.21	145.76	390	0
1950	5	17.73	6.06	696.59	114.77	390	0
1950	6	22.18	10.16	807	56.51	390	0
1950	7	24.09	12.44	783.84	86.78	390	0
1950	8	23.59	11.04	820.75	96.06	390	0
1950	9	21.72	9.59000000000003	678.16	162.77	390	0
1950	10	15.27	4.18000000000001	485.1	162.13	390	0
1950	11	9.26000000000005	-1.32999999999998	463.16	57.5	390	0
1950	12	-0.799999999999955	-10.53	357.58	72.68	390	0
1951	1	-0.769999999999982	-10.22	373.78	131.42	390	0
1951	2	0.0100000000000477	-10.2	408.57	176.75	390	0
1951	3	4.74000000000001	-4.65999999999997	605.62	127.43	390	0
1951	4	12.99	0.480000000000018	797.15	51.27	390	0
1951	5	17.62	6.27000000000004	704.53	97.94	390	0
1951	6	23.1	11.0700000000001	763.52	74.49	390	0
1951	7	24.2	11.61	851.54	75	390	0
1951	8	23.26	11.54	753.99	188.23	390	0
1951	9	20.67	8.41000000000003	670.57	81.99	390	0
1951	10	15.78	4	515.95	129.39	390	0
1951	11	4.66000000000003	-5.12	475.2	80.79	390	0
1951	12	1.38	-8.98999999999995	390.37	111.7	390	0
1952	1	0.800000000000011	-10.5	383.91	112.83	390	0
1952	2	1.06	-10.76	546.04	46.96	390	0
1952	3	5.09000000000003	-5.79999999999995	727.74	76.59	390	0
1952	4	10.2	-1.04999999999995	684.22	137.19	390	0
1952	5	20.27	7.5	663.47	142.35	390	0
1952	6	21.39	9.94	734.24	181.64	390	0
1952	7	23.3200000000001	11.85	753.68	149.51	390	0
1952	8	24.23	12.49	764.61	155.3	390	0
1952	9	19.19	7.84000000000003	678.92	100.38	390	0
1952	10	12.43	1.21000000000004	565.01	134.56	390	0
1952	11	3.44	-6.01999999999998	432.05	112.35	390	0
1952	12	-1.62	-11.41	374.78	45.17	390	0
1953	1	-0.789999999999964	-12.82	401.53	180.64	390	0
1953	2	-4.32999999999998	-16.77	518.09	52.87	390	0
1953	3	3.72000000000003	-6.34999999999997	656.19	143.35	390	0
1953	4	12.24	0.370000000000005	738.66	83.55	390	0
1953	5	18.09	5.32000000000005	735.03	151.01	390	0
1953	6	24.86	12.67	774.69	95.62	390	0
1953	7	25.7	13.18	838.08	92.25	390	0
1953	8	25.5	12.24	847.34	27.98	390	0
1953	9	19.63	6.57000000000005	712.76	166	390	0
1953	10	14.99	3.87	503.88	131.44	390	0
1953	11	5.17000000000002	-4.04999999999995	423.22	114.59	390	0
1953	12	-1.19999999999999	-10.63	378.43	89.98	390	0
1954	1	-2.59999999999997	-13.06	384.67	52.31	390	0
1954	2	-1.12	-11.92	525.21	30.29	390	0
1954	3	4.95000000000005	-6.39999999999998	670.82	101.82	390	0
1954	4	11.81	-0.0799999999999841	736.2	137.33	390	0
1954	5	18.23	5.41000000000003	770.9	113.02	390	0
1954	6	21.93	9.94	770.34	162.85	390	0
1954	7	25.18	13.3	802.57	118.4	390	0
1954	8	24.5	12.63	769	132.28	390	0
1954	9	18.72	6.81	692.13	81.6	390	0
1954	10	12.89	1.19	532.67	71.13	390	0
1954	11	4.09000000000003	-4.89999999999998	446.59	106.52	390	0
1954	12	2.52000000000004	-6.95999999999998	351.84	161.09	390	0
1955	1	-2.33999999999997	-12.97	426.23	112.8	390	0
1955	2	1.02000000000004	-10.35	569.33	41.56	390	0
1955	3	5.12	-4.66999999999996	687.51	146.73	390	0
1955	4	13	1.42000000000002	697.9	90.88	390	0
1955	5	20.65	7.39000000000004	735.4	90.01	390	0
1955	6	22.42	10.35	798.01	79.81	390	0
1955	7	25.66	14.6	713.65	158.3	390	0
1955	8	23.12	11.87	734.73	141.6	390	0
1955	9	17.87	6.71000000000004	659.04	146.01	390	0
1955	10	15.18	2.51000000000005	581.63	94.21	390	0
1955	11	5.55000000000001	-3.44	422.56	111.97	390	0
1955	12	-0.149999999999977	-9.66999999999996	431.37	90.06	390	0
1956	1	-2.23999999999995	-13.07	407.91	106.44	390	0
1956	2	1.20000000000005	-10.75	485.47	75.39	390	0
1956	3	6.85000000000002	-3.88	620.74	119.44	390	0
1956	4	12.81	0.54000000000002	761.53	86.5	390	0
1956	5	18.51	5.73000000000002	797.81	92.07	390	0
1956	6	22.88	10.75	790.18	92.25	390	0
1956	7	26.52	13.41	872.35	51.82	390	0
1956	8	26.17	14.38	749.79	130.92	390	0
1956	9	20.55	7.74000000000001	721.71	52.73	390	0
1956	10	14.93	2.55000000000001	590.84	88.27	390	0
1956	11	7.42000000000002	-2.06999999999999	436.83	100.82	390	0
1956	12	1.40000000000003	-7.69	368.67	95.7	390	0
1957	1	-2.39999999999998	-13.62	444.74	60.72	390	0
1957	2	-0.939999999999998	-13.57	574.83	35.39	390	0
1957	3	4.87	-5.88999999999999	704.51	64.21	390	0
1957	4	13.11	0.150000000000034	789.38	102.77	390	0
1957	5	15.8200000000001	3.99000000000001	753.2	105.02	390	0
1957	6	21.67	10.5700000000001	722.6	158.15	390	0
1957	7	26.89	14.19	816.95	72.68	390	0
1957	8	26.35	13.24	838.21	48.55	390	0
1957	9	23.65	9.99000000000001	713.01	63.88	390	0
1957	10	16.72	4.5	531.03	110.07	390	0
1957	11	10.23	-1.16999999999996	464.06	28.12	390	0
1957	12	1.46000000000004	-9.44999999999999	336.96	130.8	390	0
1958	1	0.590000000000032	-9.48999999999995	331.22	93.61	390	0
1958	2	-1.53999999999996	-12.96	540.72	21.71	390	0
1958	3	4.02000000000004	-6.73999999999995	685.38	94.63	390	0
1958	4	15.17	2.68000000000001	679.64	80.24	390	0
1958	5	17.73	5.60000000000002	746.72	118.97	390	0
1958	6	22.36	10.44	760.22	138.98	390	0
1958	7	26.97	14.21	819.63	114.54	390	0
1958	8	24.04	12.29	765.72	80.89	390	0
1958	9	21.46	9.03000000000003	686.55	95.57	390	0
1958	10	15.44	3.64000000000004	527.67	107.41	390	0
1958	11	9.68000000000001	-0.5	415.78	64.79	390	0
1958	12	2.67000000000002	-6.95999999999998	343.87	168.95	390	0
1959	1	0.990000000000009	-9.85999999999996	425.29	133.01	390	0
1959	2	1.98000000000002	-8.95999999999998	570.79	70.93	390	0
1959	3	5.64000000000004	-5.19	652.48	110.57	390	0
1959	4	10.76	-0.199999999999989	730.11	137.68	390	0
1959	5	16.92	5.24000000000001	724.38	55.04	390	0
1959	6	21.49	9.85000000000002	784.22	73.88	390	0
1959	7	25.13	13.81	749.75	215.58	390	0
1959	8	24.36	11.81	820.82	76.47	390	0
1959	9	19.62	6.03000000000003	777.98	28.59	390	0
1959	10	13.95	2.21000000000004	526.36	108.6	390	0
1959	11	8.41000000000003	-2.17999999999995	450.55	112.17	390	0
1959	12	-1.65999999999997	-11.15	376.02	111.28	390	0
1960	1	-2.57999999999998	-13.99	455.66	33.99	390	0
1960	2	-1.63	-12.75	517.72	84.9	390	0
1960	3	6.88	-4.17999999999995	631.88	104.32	390	0
1960	4	11.67	0.210000000000036	735.08	171.02	390	0
1960	5	15.51	5.04000000000002	681.97	137.62	390	0
1960	6	24.6	12.11	786.95	89.48	390	0
1960	7	27.14	13.43	901.66	63.51	390	0
1960	8	25.13	13.76	729	90.74	390	0
1960	9	21.14	8.38	698.76	107.76	390	0
1960	10	11.78	0.170000000000016	578.38	91.1	390	0
1960	11	5.68000000000001	-3.51999999999998	421.04	142.03	390	0
1960	12	0.300000000000011	-9.77999999999997	333.57	116.98	390	0
1961	1	-1.37	-12.22	374.13	96.28	390	0
1961	2	0.450000000000045	-9.50999999999999	419.59	123.04	390	0
1961	3	4	-6.25	661.39	170.07	390	0
1961	4	12.64	0.420000000000016	758.87	102.41	390	0
1961	5	17.93	5.76000000000005	649.6	215.62	390	0
1961	6	22.49	10.83	779.03	66.99	390	0
1961	7	25.58	13.72	774.37	131.1	390	0
1961	8	26.6	14.02	808.71	39.63	390	0
1961	9	18.13	7.21000000000004	662.66	81.26	390	0
1961	10	13.35	3.49000000000001	459.37	199.54	390	0
1961	11	6.16000000000003	-3.35999999999996	443	143.51	390	0
1961	12	-0.239999999999952	-10.49	360	74.53	390	0
1962	1	-1.13999999999999	-11.26	434.58	26.67	390	0
1962	2	0.960000000000036	-10.22	569.67	95.14	390	0
1962	3	6.85000000000002	-3.28999999999996	632.93	158.35	390	0
1962	4	14.06	1.74000000000001	774.96	89.79	390	0
1962	5	19.43	5.33000000000004	832.39	76.57	390	0
1962	6	22.62	11.22	738.68	87.78	390	0
1962	7	26.06	13.78	837.55	62.09	390	0
1962	8	23.39	11.4	767.18	138.84	390	0
1962	9	18.5700000000001	6.70000000000005	696.09	119.99	390	0
1962	10	12.04	0.57000000000005	596.4	48.48	390	0
1962	11	6.45000000000005	-3.03999999999996	397.46	121.92	390	0
1962	12	1.17000000000002	-7.52999999999997	302.89	95.02	390	0
1963	1	-3.73999999999995	-16.26	371.25	137.03	390	0
1963	2	2.67000000000002	-8.64999999999998	475.54	115.59	390	0
1963	3	5.04000000000002	-6.19999999999999	673.73	161.35	390	0
1963	4	11.21	-0.419999999999959	729.36	113.38	390	0
1963	5	18.92	6.37	735.69	101.69	390	0
1963	6	23.69	11.73	753.92	148.71	390	0
1963	7	24.16	11.42	867.78	22.74	390	0
1963	8	25.11	12.1	800.37	45.75	390	0
1963	9	19.84	6.82000000000005	712.89	114.03	390	0
1963	10	10.94	1.08000000000004	481.88	108.47	390	0
1963	11	7.22000000000003	-2.20999999999998	407.63	117.39	390	0
1963	12	1.40000000000003	-8.53999999999996	338.8	162.8	390	0
1964	1	-4.22999999999996	-16.1799999999999	395.48	131.71	390	0
1964	2	-3.51999999999998	-16.74	565.39	55.19	390	0
1964	3	5.86000000000001	-5.06999999999999	671.99	64.29	390	0
1964	4	9.46000000000004	-1.12	749.9	70.4	390	0
1964	5	20.13	6.13	801.29	60.25	390	0
1964	6	23.24	11.67	789.14	47.32	390	0
1964	7	24.8200000000001	13.2	785.78	78.02	390	0
1964	8	25.02	12.04	820.06	64.29	390	0
1964	9	18.69	6.96000000000004	677.6	92.36	390	0
1964	10	13.05	1.05000000000001	609.93	24.97	390	0
1964	11	7.47000000000003	-2.81	423.02	173.9	390	0
1964	12	2.77000000000004	-5.69	343.63	140.15	390	0
1965	1	-1.70999999999998	-10.99	387.08	85	390	0
1965	2	-1.97999999999996	-14.71	518.14	206.86	390	0
1965	3	3.96000000000004	-7.52999999999997	683.01	65.52	390	0
1965	4	9.22000000000003	-0.659999999999968	646.38	173.08	390	0
1965	5	22.56	7.67000000000002	854.84	67.5	390	0
1965	6	24.63	12.1	809.95	84.02	390	0
1965	7	25.96	13.56	821.78	90.1	390	0
1965	8	24.38	12.4	772.85	165.95	390	0
1965	9	21.91	8.91000000000003	693.77	141.01	390	0
1965	10	15.81	2.78000000000003	603.56	86.62	390	0
1965	11	8.29000000000002	-1.91999999999996	448.13	104.16	390	0
1965	12	3.36000000000001	-6.78999999999996	367.77	60.97	390	0
1966	1	-1.45999999999998	-13.04	457.96	43.24	390	0
1966	2	3.88	-7.95999999999998	528.76	69.12	390	0
1966	3	4.14000000000004	-7.95999999999998	692.06	77.45	390	0
1966	4	13.84	0.640000000000043	795.69	114.5	390	0
1966	5	18.51	6.53000000000003	687.94	122.64	390	0
1966	6	25.33	12.54	795.07	86.01	390	0
1966	7	25.95	14.06	825.89	89.24	390	0
1966	8	24.29	11.97	784.32	109.93	390	0
1966	9	19.94	7.91000000000003	640.59	198.72	390	0
1966	10	13.0700000000001	1.45000000000005	580.57	53.77	390	0
1966	11	4.54000000000002	-4.71999999999997	473.5	62.88	390	0
1966	12	3.16000000000003	-7.31	380.5	88.53	390	0
1967	1	-1.72999999999996	-12.69	415.54	94.75	390	0
1967	2	-2.81999999999999	-15.2	543.68	61.85	390	0
1967	3	3.04000000000002	-8.19	660.01	127.07	390	0
1967	4	14.96	0.980000000000018	784.81	55.45	390	0
1967	5	17.45	5.17000000000002	749.28	72.49	390	0
1967	6	22.46	9.5	839.79	135.03	390	0
1967	7	26.11	13.91	817.48	60.5	390	0
1967	8	24.55	12.27	809.77	53.34	390	0
1967	9	22.18	7.73000000000002	758.14	11.1	390	0
1967	10	14.89	2.81	567.4	82.06	390	0
1967	11	8.67000000000002	-0.879999999999995	390.95	90.45	390	0
1967	12	3.05000000000001	-5.71999999999997	365.07	75.94	390	0
1968	1	-4.50999999999999	-16.65	394.22	125.46	390	0
1968	2	-0.729999999999961	-12.79	579.07	22.51	390	0
1968	3	2.98000000000002	-7.53999999999996	719.09	111.08	390	0
1968	4	10.59	-0.769999999999982	737.08	119.14	390	0
1968	5	19.23	5.44	863.6	60.6	390	0
1968	6	23.91	10.29	884.87	52.54	390	0
1968	7	26.47	12.78	857.14	87.81	390	0
1968	8	24.48	12.33	807.29	103.21	390	0
1968	9	20.09	8.24000000000001	672.26	173.27	390	0
1968	10	12.08	1.92000000000002	490.45	181.13	390	0
1968	11	5.61000000000001	-3.29999999999995	408.29	143.68	390	0
1968	12	0.310000000000002	-10.74	370.96	100.17	390	0
1969	1	-3.13	-14.6799999999999	433.2	29	390	0
1969	2	0.180000000000007	-10.17	471.77	74.82	390	0
1969	3	3.16000000000003	-7.82999999999998	641.56	117.96	390	0
1969	4	11.5700000000001	-0.529999999999973	778.79	81.28	390	0
1969	5	15.18	4.55000000000001	674.72	173.09	390	0
1969	6	22.0700000000001	9.16000000000003	865.49	48.88	390	0
1969	7	24.83	12.19	850.44	76.06	390	0
1969	8	22.65	11.5	792.22	73.32	390	0
1969	9	19.6	8.05000000000001	667.85	61.6	390	0
1969	10	13.59	1.21000000000004	600.13	64.53	390	0
1969	11	6.68000000000001	-2.95999999999998	445.62	159.92	390	0
1969	12	-1.97999999999996	-15.21	373.08	78.67	390	0
1970	1	-5.56999999999999	-17.6	411.24	111.61	390	0
1970	2	-0.279999999999973	-11.1799999999999	517.85	126.46	390	0
1970	3	0.189999999999998	-11.57	726.82	73.49	390	0
1970	4	12.03	-0.359999999999957	726.28	92.9	390	0
1970	5	17.61	6.02000000000004	704.41	137.58	390	0
1970	6	21.8200000000001	10.1	737.59	178.75	390	0
1970	7	25.66	13.17	820.22	111.56	390	0
1970	8	25.93	13.24	814.47	81.12	390	0
1970	9	20.46	8.74000000000001	655.5	162.03	390	0
1970	10	12.65	1.86000000000001	489.46	294.06	390	0
1970	11	6.88	-1.94	398.88	103.91	390	0
1970	12	0.140000000000043	-11.16	387.92	87.5	390	0
1971	1	-2.40999999999997	-13.4299999999999	420.16	34.22	390	0
1971	2	1.87	-8.58999999999997	505.5	71.06	390	0
1971	3	5.82000000000005	-5.46999999999997	744.22	59.29	390	0
1971	4	13.62	1.07000000000005	778.31	113.25	390	0
1971	5	17.48	4.77000000000004	836.05	79.58	390	0
1971	6	20.98	8.81	800.2	120.66	390	0
1971	7	25.67	13.54	784.18	100.01	390	0
1971	8	23.17	11.3	790.46	170.26	390	0
1971	9	20.19	6.74000000000001	738.44	121.19	390	0
1971	10	12.3	0.879999999999995	560.44	156.1	390	0
1971	11	8.91000000000003	-1.94	438.54	96.78	390	0
1971	12	1.39000000000004	-9.12	400.14	56.57	390	0
1972	1	-5.63	-17.26	435.36	69.14	390	0
1972	2	-1.95999999999998	-14.92	589.53	25.22	390	0
1972	3	6.89000000000004	-3.88999999999999	653.24	107.93	390	0
1972	4	9.62	-0.889999999999986	723.94	150.79	390	0
1972	5	18.75	5.96000000000004	824.51	85.72	390	0
1972	6	23.46	10.34	836.85	73.96	390	0
1972	7	24.49	12.66	811.89	96.99	390	0
1972	8	25.91	13.06	839.5	97.66	390	0
1972	9	20.1	9.34000000000003	602.67	143.74	390	0
1972	10	13.87	1.91000000000003	576.16	33.76	390	0
1972	11	7.29000000000002	-2.59999999999997	453.09	50.12	390	0
1972	12	2.52000000000004	-7.06	370.4	116.65	390	0
1973	1	-0.0299999999999727	-9.83999999999997	415.49	71.89	390	0
1973	2	0.720000000000027	-9.91999999999996	444.17	79.81	390	0
1973	3	5.37	-5.97999999999996	653.36	77.6	390	0
1973	4	13.37	1.68000000000001	622.02	189.35	390	0
1973	5	18.93	6.17000000000002	753.55	208.96	390	0
1973	6	21.41	9.28000000000003	795.14	122.9	390	0
1973	7	25.76	14.48	765.18	106.88	390	0
1973	8	25.78	13.56	770.37	77.07	390	0
1973	9	20.92	8.54000000000002	689.48	127.68	390	0
1973	10	10.83	0.420000000000016	517.5	120.74	390	0
1973	11	6.24000000000001	-3.58999999999997	412.45	154.47	390	0
1973	12	2.21000000000004	-7.89999999999998	327.9	100.33	390	0
1974	1	-2.45999999999998	-13.54	420.78	108.19	390	0
1974	2	2	-9.47999999999996	499.34	77.06	390	0
1974	3	4.65000000000003	-6.23999999999995	701.87	79.02	390	0
1974	4	13.65	0.660000000000025	770.99	81.41	390	0
1974	5	18.94	6.24000000000001	729.9	108.41	390	0
1974	6	21.0700000000001	9.22000000000003	768.63	125.62	390	0
1974	7	25.1	12.8	831.73	89.36	390	0
1974	8	24.3200000000001	12.64	749.2	119.46	390	0
1974	9	18.77	6.07000000000005	748.08	98.55	390	0
1974	10	11.66	0.870000000000005	519.93	92.89	390	0
1974	11	6.16000000000003	-2.98999999999995	403.39	156.28	390	0
1974	12	1.11000000000001	-7.83999999999997	346.32	128.65	390	0
1975	1	-2.72999999999996	-15.09	454.18	25.11	390	0
1975	2	0.310000000000002	-11.72	544.2	75.58	390	0
1975	3	8.56	-3.76999999999998	602.14	75.91	390	0
1975	4	11.34	-0.409999999999968	784.93	113.87	390	0
1975	5	18	4.38	818.96	101	390	0
1975	6	22.9	11.15	752.33	124.91	390	0
1975	7	24.88	12.84	815.39	159	390	0
1975	8	23.85	12.17	760.51	193.53	390	0
1975	9	20.39	10.11	604.3	105.27	390	0
1975	10	14.66	2.22000000000003	555.62	127.58	390	0
1975	11	7.48000000000002	-2.96999999999997	449.04	75.4	390	0
1975	12	2.17000000000002	-8.31	359.09	105.81	390	0
1976	1	-2.92999999999995	-13.38	411.61	79.82	390	0
1976	2	-3.62	-15.4299999999999	548.69	16.27	390	0
1976	3	5.82000000000005	-6.04999999999995	672.58	53.58	390	0
1976	4	12.09	0.0100000000000477	757.09	76.98	390	0
1976	5	16.81	4.77000000000004	754.83	107.71	390	0
1976	6	22.37	9.52000000000004	818.15	184.99	390	0
1976	7	25.4	12.93	836.2	109.64	390	0
1976	8	24.25	12.7	821.99	73.76	390	0
1976	9	19.42	7.14000000000004	736.39	86.83	390	0
1976	10	13.95	1.55000000000001	584.67	104.82	390	0
1976	11	8.69	-0.949999999999989	407.42	188.24	390	0
1976	12	-1.34999999999997	-11.48	378.13	53.63	390	0
1977	1	-2.44	-12.47	401.62	99.07	390	0
1977	2	2.31	-9.07999999999998	451.08	124.23	390	0
1977	3	7.30000000000001	-4.27999999999997	713.68	74.95	390	0
1977	4	13.28	0.430000000000007	747.48	74.15	390	0
1977	5	18.77	5.81	750.89	126.71	390	0
1977	6	23.09	10.34	805.08	98.45	390	0
1977	7	24.76	12.02	845.92	135.32	390	0
1977	8	22.5700000000001	10.71	828.65	92.92	390	0
1977	9	22.17	9.64000000000004	685.46	73.5	390	0
1977	10	14.55	2.78000000000003	540.68	222.83	390	0
1977	11	7.61000000000001	-1.78999999999996	419.66	37.98	390	0
1977	12	1.60000000000002	-7.89999999999998	388.1	101.92	390	0
1978	1	-2.21999999999997	-13.48	417.86	76	390	0
1978	2	0.160000000000025	-11.47	567.72	43.4	390	0
1978	3	7.81	-2.75999999999999	623.29	115.11	390	0
1978	4	12.24	0.970000000000027	668.16	106.72	390	0
1978	5	20.05	7.33000000000004	698.76	152.65	390	0
1978	6	25.09	11.89	854.68	133.37	390	0
1978	7	25.92	13.61	807.7	119.99	390	0
1978	8	25.74	12.98	831.13	49.05	390	0
1978	9	21.48	8.19	737.83	83.01	390	0
1978	10	14.14	1.46000000000004	602.19	34.57	390	0
1978	11	5.77000000000004	-4.25	470.48	119.02	390	0
1978	12	2.70000000000005	-7.54999999999995	361.89	111.53	390	0
1979	1	-2.25999999999999	-12.6	393.36	154.03	390	0
1979	2	-5.71999999999997	-18.39	563.43	46.16	390	0
1979	3	3.04000000000002	-8.34999999999997	648.82	155.44	390	0
1979	4	11.56	0.0300000000000296	709.27	136.4	390	0
1979	5	19.4	6.67000000000002	762.49	95.12	390	0
1979	6	22.7	10.95	754.94	110.62	390	0
1979	7	26.26	13.36	858.01	75.32	390	0
1979	8	23.9	12.05	731.06	128.11	390	0
1979	9	23.43	10.35	683.14	133.44	390	0
1979	10	14	3.24000000000001	482.62	138.93	390	0
1979	11	8.85000000000002	-1.53999999999996	455.54	103.24	390	0
1979	12	2.56	-7.12	323.19	199.03	390	0
1980	1	-0.339999999999975	-10.51	392.14	139.42	390	0
1980	2	0.53000000000003	-10.53	468.78	97.52	390	0
1980	3	5.29000000000002	-4.62	604.08	89.62	390	0
1980	4	11.41	-0.089999999999975	722.44	97.79	390	0
1980	5	20.93	7.38	749.35	112.02	390	0
1980	6	23.68	12.89	713.83	94.38	390	0
1980	7	27.06	13.63	859.51	109.15	390	0
1980	8	26.23	13.66	813.33	91.15	390	0
1980	9	20.53	8.68000000000001	662.46	116.34	390	0
1980	10	12.99	1.76000000000005	545.12	135.84	390	0
1980	11	9.57000000000005	-0.45999999999998	444.77	101.24	390	0
1980	12	2.35000000000002	-7	344.43	132.23	390	0
1981	1	-1.32999999999998	-10.89	372.08	112.28	390	0
1981	2	0.629999999999995	-11.1799999999999	509.23	90.28	390	0
1981	3	3.54000000000002	-7.94999999999999	633.64	138.34	390	0
1981	4	10.42	-1.38999999999999	798.25	41.26	390	0
1981	5	19.44	5.74000000000001	826.32	102.88	390	0
1981	6	23.98	10.94	854.72	69.15	390	0
1981	7	27.28	15.43	780.24	97.89	390	0
1981	8	27.05	13.7	807.1	78.16	390	0
1981	9	21.6	8.45000000000005	747.29	39.18	390	0
1981	10	12.21	0.840000000000032	552	114.05	390	0
1981	11	8.29000000000002	-1.01999999999998	416.34	98.8	390	0
1981	12	5.03000000000003	-4.83999999999997	382.54	134.6	390	0
1982	1	0.980000000000018	-10.15	385.83	170.53	390	0
1982	2	-0.649999999999977	-13.6799999999999	517.63	45.73	390	0
1982	3	3.62	-6.88	709.55	60.2	390	0
1982	4	11.6	-0.810000000000002	792.43	47.28	390	0
1982	5	17.31	5.29000000000002	816.38	57.31	390	0
1982	6	25.19	10.83	886.49	54.44	390	0
1982	7	27.44	14.18	831.95	78.81	390	0
1982	8	26.01	13.9	720.14	139.91	390	0
1982	9	20.27	8.41000000000003	645.67	211.18	390	0
1982	10	14.41	2.77000000000004	571.3	30.57	390	0
1982	11	5.76000000000005	-3.87	423.07	146.17	390	0
1982	12	5.13	-4.90999999999997	371.27	30.26	390	0
1983	1	2.29000000000002	-7.20999999999998	356.3	110.35	390	0
1983	2	-2.51999999999998	-13.86	585.99	15.17	390	0
1983	3	4.93000000000001	-5.62	602.39	162.36	390	0
1983	4	12.12	-0.0699999999999932	718.48	173.74	390	0
1983	5	20.08	6.82000000000005	735.4	137.24	390	0
1983	6	21.43	9.08000000000004	803.13	107.39	390	0
1983	7	25.9	13.81	766.53	117.65	390	0
1983	8	23.8200000000001	11.66	792.44	106.39	390	0
1983	9	19.43	7.49000000000001	687.69	48.33	390	0
1983	10	14.8	2.55000000000001	595.97	45.95	390	0
1983	11	6.20000000000005	-2.66999999999996	419.86	146.44	390	0
1983	12	3.09000000000003	-5.22999999999996	340.19	168.31	390	0
1984	1	1.57000000000005	-7.31	375.13	123.06	390	0
1984	2	1.54000000000002	-9.44	563.87	89.68	390	0
1984	3	3.81	-6.12	624.26	169.05	390	0
1984	4	11.13	0.560000000000002	630.18	264.52	390	0
1984	5	17.03	4.71000000000004	788.72	48.51	390	0
1984	6	23.65	10.69	833.14	118.15	390	0
1984	7	26.08	13.66	797.49	91.91	390	0
1984	8	23.86	12.35	752.25	105.38	390	0
1984	9	21.53	9.08000000000004	688.31	126.52	390	0
1984	10	14.12	2.04000000000002	562.56	145.32	390	0
1984	11	8.61000000000001	-0.859999999999957	409.31	208.82	390	0
1984	12	1.08000000000004	-8.77999999999997	359.88	114.77	390	0
1985	1	-2.08999999999997	-13.47	466.33	43.42	390	0
1985	2	2.98000000000002	-7.5	428.45	164.49	390	0
1985	3	5.23000000000002	-6.25999999999999	715.36	88.32	390	0
1985	4	8.84000000000003	-1.20999999999998	674.89	145.37	390	0
1985	5	20.03	6.65000000000003	796.12	55.92	390	0
1985	6	24.26	11.54	816.52	77.09	390	0
1985	7	27.55	14.61	834.42	59.08	390	0
1985	8	26.4	13	861.1	88.03	390	0
1985	9	21.86	9.43000000000001	669.92	181.88	390	0
1985	10	13.22	2.37	518.34	122.98	390	0
1985	11	5.47000000000003	-3.64999999999998	442.22	80.36	390	0
1985	12	2.16000000000003	-7.37	378.29	46.92	390	0
1986	1	-4.06	-16.19	439.51	65.83	390	0
1986	2	0.710000000000036	-10.8	503.92	111.15	390	0
1986	3	5.34000000000003	-5.70999999999998	665.88	67.25	390	0
1986	4	11.29	-0.0600000000000023	698.42	132.32	390	0
1986	5	19.25	6.97000000000003	713.52	90.5	390	0
1986	6	21.72	9.98000000000002	747.16	143.68	390	0
1986	7	27.39	14.79	818.35	112.07	390	0
1986	8	26	13.65	787.37	113.02	390	0
1986	9	19.08	7.33000000000004	704.11	103.09	390	0
1986	10	13.3	2.15000000000003	547.49	238.63	390	0
1986	11	6.01000000000005	-2.56999999999999	433.07	53.28	390	0
1986	12	-0.759999999999991	-9.56	346.32	135.88	390	0
1987	1	-0.25	-9.48999999999995	385.06	96.9	390	0
1987	2	1.93000000000001	-8.06999999999999	431.88	123.69	390	0
1987	3	5.72000000000003	-5.27999999999997	667.66	88.19	390	0
1987	4	11.05	-0.319999999999993	725.9	94.99	390	0
1987	5	18.95	5.70000000000005	781.37	141.82	390	0
1987	6	24.45	11.79	821.5	86.54	390	0
1987	7	26.5	14.27	813.64	148.06	390	0
1987	8	25.89	13.35	792.27	142.35	390	0
1987	9	20.04	8.32000000000005	651.7	75.17	390	0
1987	10	12.26	1.64000000000004	554.42	144.47	390	0
1987	11	7.59000000000003	-2.5	445.74	128.55	390	0
1987	12	1.95000000000005	-7.19999999999999	381.84	123.12	390	0
1988	1	1.25	-8.25999999999999	379.05	133.92	390	0
1988	2	1.70000000000005	-9.94999999999999	536.85	107.14	390	0
1988	3	4.70000000000005	-6.19	602.19	179.5	390	0
1988	4	14.23	1.74000000000001	710.03	177.54	390	0
1988	5	18.93	5.44	835.33	66.11	390	0
1988	6	26.33	12.21	844.58	108.86	390	0
1988	7	24.49	12.46	820.51	98.68	390	0
1988	8	25.59	12.58	827.45	88.4	390	0
1988	9	23.22	9.56	735.36	116.33	390	0
1988	10	14.3	1.62	629.22	41.68	390	0
1988	11	8.86000000000001	-1.84999999999997	470.48	35.64	390	0
1988	12	-0.509999999999991	-11.1799999999999	378.16	91	390	0
1989	1	-4.50999999999999	-16.15	479.42	41.88	390	0
1989	2	3.08000000000004	-7.62	511.14	63.67	390	0
1989	3	10.58	-2.34999999999997	644.33	97.8	390	0
1989	4	11.35	-0.359999999999957	770.06	98.85	390	0
1989	5	16.72	4.21000000000004	822.07	95.39	390	0
1989	6	24.02	10.98	819.53	57.08	390	0
1989	7	28.8	14.71	859.55	64.97	390	0
1989	8	27.11	13.77	840.69	69	390	0
1989	9	20.22	8.35000000000002	682.47	147.89	390	0
1989	10	16.19	3.71000000000004	568.94	48.14	390	0
1989	11	9.47000000000003	1.65000000000003	333.66	143.63	390	0
1989	12	3.11000000000001	-6.13999999999999	372.3	170.17	390	0
1990	1	1.15000000000003	-9.29999999999995	389.48	109.51	390	0
1990	2	0.980000000000018	-10.48	513.82	77.76	390	0
1990	3	5.78000000000003	-5.33999999999997	622.73	109.81	390	0
1990	4	10.56	-0.729999999999961	732.42	149.89	390	0
1990	5	16.48	5.02000000000004	692.23	178.2	390	0
1990	6	23.04	11.27	741.57	145.41	390	0
1990	7	26.65	14.25	806.95	67.49	390	0
1990	8	24.56	12.22	815.44	116.21	390	0
1990	9	19.83	8.54000000000002	675.45	45.58	390	0
1990	10	13.25	2.08000000000004	546.43	167.8	390	0
1990	11	5.72000000000003	-4.19	452.72	70.67	390	0
1990	12	1.91000000000003	-8.02999999999997	380.51	144.11	390	0
1991	1	-2.65999999999997	-13.21	396.48	85.14	390	0
1991	2	2.42000000000002	-8.16999999999996	434.59	125.8	390	0
1991	3	4.37	-6.77999999999997	684.11	136	390	0
1991	4	10.08	-0.879999999999995	728.87	131.79	390	0
1991	5	19.58	6.69	747.93	105.12	390	0
1991	6	23.33	10.29	839.85	32.8	390	0
1991	7	26.51	13.69	852.97	80.6	390	0
1991	8	23.53	10.68	837.45	44.85	390	0
1991	9	21.48	8.17000000000002	739.94	64.25	390	0
1991	10	14.02	2.97000000000003	512.04	135.39	390	0
1991	11	6.94	-2.97999999999996	443.24	145.83	390	0
1991	12	3.24000000000001	-5.13999999999999	356.1	59.17	390	0
1992	1	-2.34999999999997	-12.87	420.19	49.89	390	0
1992	2	0.78000000000003	-10.75	534.96	76.97	390	0
1992	3	3.49000000000001	-7.31999999999999	726.39	65.32	390	0
1992	4	12.65	1.35000000000002	673.27	112.97	390	0
1992	5	17.64	5.5	731.33	81.85	390	0
1992	6	21.47	9.56	798.85	95.29	390	0
1992	7	24.7	12.92	813.47	62.7	390	0
1992	8	21.5	9.87	783.76	70.9	390	0
1992	9	21.23	9.58000000000004	655.62	202.69	390	0
1992	10	12.36	1.46000000000004	526.19	141.68	390	0
1992	11	6.66000000000003	-2.58999999999997	415.33	146.94	390	0
1992	12	2.76000000000005	-6.20999999999998	317.62	168.18	390	0
1993	1	-4.38999999999999	-13.94	428.38	52.59	390	0
1993	2	-0.949999999999989	-12.15	465.69	253.63	390	0
1993	3	6.15000000000003	-5.81999999999999	756.89	46.56	390	0
1993	4	15.81	2.79000000000002	708.7	115.31	390	0
1993	5	18.1	6.30000000000001	673.32	98.32	390	0
1993	6	23.58	10.79	829.11	89.43	390	0
1993	7	24.88	13.36	780.84	92.36	390	0
1993	8	25.84	14.43	781.39	72.04	390	0
1993	9	21.84	10.17	653.68	116.88	390	0
1993	10	14.59	3.08000000000004	528.67	89.5	390	0
1993	11	9.07000000000005	-1.84999999999997	464.91	173.34	390	0
1993	12	0.879999999999995	-9.23999999999995	380.51	72.28	390	0
1994	1	0.0500000000000114	-10.52	403.31	50.38	390	0
1994	2	5.10000000000002	-6.01999999999998	560.11	31.3	390	0
1994	3	7.40000000000003	-4.02999999999997	665.43	100.02	390	0
1994	4	13.35	0.410000000000025	805.46	49.42	390	0
1994	5	19.68	5.23000000000002	871.62	64.18	390	0
1994	6	23.8	10.01	881.89	79.24	390	0
1994	7	25.8200000000001	14.35	730.73	158.41	390	0
1994	8	27.7	14.22	845.02	37.65	390	0
1994	9	19.99	7.61000000000001	726.54	74.93	390	0
1994	10	16.1	4.65000000000003	529.39	22.61	390	0
1994	11	9.06	-1.50999999999999	433.13	79.02	390	0
1994	12	0.800000000000011	-8.87	338.93	112.47	390	0
1995	1	3.11000000000001	-7.46999999999997	373.6	112.54	390	0
1995	2	4.20000000000005	-7.25	530.82	38.52	390	0
1995	3	9.19	-3.5	723.16	67.42	390	0
1995	4	12.24	-0.339999999999975	777.91	52.43	390	0
1995	5	20.12	6.11000000000001	793.73	165.39	390	0
1995	6	23.38	11.3	747.16	187.71	390	0
1995	7	25.14	13.25	772.26	203.94	390	0
1995	8	24.08	12.34	748.84	131.93	390	0
1995	9	20.39	8.15000000000003	699.71	96.54	390	0
1995	10	13.63	2.40000000000003	512.36	131.44	390	0
1995	11	10.24	-0.299999999999955	407.08	84.78	390	0
1995	12	-1.50999999999999	-11.33	429.84	35.17	390	0
1996	1	-2.16999999999996	-13.63	396.45	84.17	390	0
1996	2	2.60000000000002	-9.23999999999995	530.06	29.47	390	0
1996	3	4.83000000000004	-5.92999999999995	618.03	161.85	390	0
1996	4	14.18	0.79000000000002	775.32	81.16	390	0
1996	5	18.12	5.69	778.02	78	390	0
1996	6	23.16	11.48	735.41	225.04	390	0
1996	7	27.05	14.13	852.75	87.21	390	0
1996	8	26.24	13.5	830.04	99.2	390	0
1996	9	23.18	11.78	610.13	116.85	390	0
1996	10	13.64	2.62	554.52	112.74	390	0
1996	11	8.13	-1.97999999999996	391.74	96.09	390	0
1996	12	3.07000000000005	-6.13999999999999	323.03	133.12	390	0
1997	1	-1	-11.45	442.34	31.78	390	0
1997	2	-0.899999999999977	-11.3	526.53	29.05	390	0
1997	3	5.10000000000002	-5.88	670.15	140.55	390	0
1997	4	13.3200000000001	0.850000000000023	762.14	50.16	390	0
1997	5	21.15	7.98000000000002	757.27	69.49	390	0
1997	6	22.75	10.42	782.79	145.65	390	0
1997	7	25.58	14.3	778.34	78.56	390	0
1997	8	24.38	12.36	830.23	66.98	390	0
1997	9	20.05	8.54000000000002	659.58	124.71	390	0
1997	10	13.5700000000001	3.76000000000005	465.44	173.97	390	0
1997	11	5.84000000000003	-2.96999999999997	408.79	135.99	390	0
1997	12	1.52000000000004	-7.76999999999998	364.05	161.5	390	0
1998	1	-1.83999999999997	-11.94	393.62	146.33	390	0
1998	2	-3.75999999999999	-14.63	574.09	29.46	390	0
1998	3	6.47000000000003	-4.42999999999995	694.97	129.98	390	0
1998	4	10.97	-0.269999999999982	716.88	70.99	390	0
1998	5	22.11	7.73000000000002	800.41	89.68	390	0
1998	6	25.06	11.27	858.83	93.77	390	0
1998	7	27.37	14.61	813.2	167.81	390	0
1998	8	25.95	12.8200000000001	818.49	86	390	0
1998	9	20.09	7.07000000000005	726.89	107.2	390	0
1998	10	15.78	3.74000000000001	589.8	78.41	390	0
1998	11	7.94	-1.77999999999997	417.99	133.01	390	0
1998	12	-1.32999999999998	-12.36	416.06	77.71	390	0
1999	1	-0.689999999999998	-11.32	423.32	73.13	390	0
1999	2	4.04000000000002	-6.31999999999999	456.95	61.12	390	0
1999	3	8.11000000000001	-4.41999999999996	735.96	57.59	390	0
1999	4	11.43	0.32000000000005	724.01	134.08	390	0
1999	5	17.85	5.19	787.78	76.15	390	0
1999	6	24.74	12.01	801.65	123.05	390	0
1999	7	26.56	15.8200000000001	778.42	106.32	390	0
1999	8	25.58	13.88	788.14	115.19	390	0
1999	9	21.05	8.57000000000005	686.55	105.63	390	0
1999	10	14.4	3.41000000000003	545.24	158.35	390	0
1999	11	7.47000000000003	-2	429.89	146.72	390	0
1999	12	3.05000000000001	-4.38999999999999	334.87	61.54	390	0
2000	1	1.51000000000005	-8.63999999999999	374.19	157.26	390	0
2000	2	0.189999999999998	-11.28	570.14	56.49	390	0
2000	3	5.10000000000002	-5.25999999999999	637.53	89.79	390	0
2000	4	13.28	0.939999999999998	771	73.43	390	0
2000	5	16.18	4.38	761.47	114.8	390	0
2000	6	23.68	12.22	742.41	164.36	390	0
2000	7	26.26	13.71	840.89	76.16	390	0
2000	8	25.01	13.21	794.2	48.67	390	0
2000	9	21.4	9.79000000000002	665.59	142.75	390	0
2000	10	14.0700000000001	2.81	556.01	108.03	390	0
2000	11	5.83000000000004	-2.38999999999999	418.24	150.14	390	0
2000	12	-0.0499999999999545	-9.97999999999996	369.15	99.18	390	0
2001	1	-3.70999999999998	-15.72	411.03	40.05	390	0
2001	2	-0.409999999999968	-11.33	478.28	123.62	390	0
2001	3	4.38	-6.19	645.55	80.55	390	0
2001	4	11.83	0.57000000000005	717.13	120.96	390	0
2001	5	18.13	6.01000000000005	807.73	125.92	390	0
2001	6	25.85	12.04	868.77	45.61	390	0
2001	7	27.74	16.8200000000001	777.93	66.83	390	0
2001	8	27.48	14.17	829.48	85.95	390	0
2001	9	21.03	8.11000000000001	751.25	53.94	390	0
2001	10	15.0700000000001	5.13	425.93	235.37	390	0
2001	11	11.74	0.620000000000005	405.69	149.56	390	0
2001	12	2.34000000000003	-5.94	370.71	62.72	390	0
2002	1	-1.46999999999997	-11.81	372.06	75.38	390	0
2002	2	-0.269999999999982	-12.19	547.15	62.69	390	0
2002	3	4.85000000000002	-7.27999999999997	794.67	49.28	390	0
2002	4	14.56	1.29000000000002	762.68	88.15	390	0
2002	5	17.41	5.59000000000003	754.91	156.07	390	0
2002	6	21.55	10.37	732.5	103.79	390	0
2002	7	27.53	15.14	830.58	54.51	390	0
2002	8	25.29	13.92	764.78	78.58	390	0
2002	9	20.96	9.03000000000003	677.87	182.21	390	0
2002	10	14.59	3.55000000000001	528.11	201.65	390	0
2002	11	8.67000000000002	-1.25	448.44	84.37	390	0
2002	12	3.08000000000004	-5.94	358.01	75.68	390	0
2003	1	-2.41999999999996	-14.54	435.58	84.64	390	0
2003	2	2.93000000000001	-8.09999999999997	529.06	111.92	390	0
2003	3	6.14000000000004	-5.56	727.95	91.66	390	0
2003	4	11.36	0.0200000000000387	740.6	116.11	390	0
2003	5	20.01	6.90000000000003	747.11	136.74	390	0
2003	6	22.64	10.2	820.47	70.59	390	0
2003	7	25.56	13.85	793.92	123.96	390	0
2003	8	25.41	14.89	669.76	278.96	390	0
2003	9	22.64	10.05	707.71	62.78	390	0
2003	10	14.31	3.04000000000002	503.17	95.29	390	0
2003	11	7.35000000000002	-0.939999999999998	375.71	117.25	390	0
2003	12	1.96000000000004	-7.19	395.97	55.96	390	0
2004	1	0.100000000000023	-9.75	376.83	189.52	390	0
2004	2	1.08000000000004	-8.79999999999995	453.33	79.82	390	0
2004	3	3.73000000000002	-5.90999999999997	622.95	88.05	390	0
2004	4	11.65	0.29000000000002	750.62	91.08	390	0
2004	5	20.74	6.57000000000005	815.36	42.38	390	0
2004	6	26.15	14.5	729.66	152.57	390	0
2004	7	25.24	13.67	784.77	105.93	390	0
2004	8	26.58	13.44	848.43	59.8	390	0
2004	9	19.5700000000001	8.01000000000005	681.84	117.37	390	0
2004	10	13.41	3.42000000000002	463.85	228.5	390	0
2004	11	8.28000000000003	-1.39999999999998	421.97	102.73	390	0
2004	12	0.710000000000036	-8.88999999999999	375.62	111.89	390	0
2005	1	0.29000000000002	-11.08	433.15	73.19	390	0
2005	2	1.01000000000005	-10.56	487.59	60.29	390	0
2005	3	8.87	-3.47999999999996	730.33	52.31	390	0
2005	4	13.84	1.40000000000003	745.74	80.67	390	0
2005	5	19.54	6.38	801.06	104.49	390	0
2005	6	24.9	11.51	859.03	138.16	390	0
2005	7	27.14	14.55	820.83	153.52	390	0
2005	8	27.72	14.28	854.35	56.3	390	0
2005	9	23.03	8.59000000000003	784.73	63.05	390	0
2005	10	15.97	3.93000000000001	532.86	176.34	390	0
2005	11	12.55	1.13	453.94	120.89	390	0
2005	12	0.660000000000025	-8.50999999999999	394.5	78.94	390	0
2006	1	0.740000000000009	-9.54999999999995	403.92	113.76	390	0
2006	2	-2.59999999999997	-14.73	532.26	76.78	390	0
2006	3	6.70000000000005	-4.06	692.83	65.84	390	0
2006	4	11.84	-0.109999999999957	749.83	121.89	390	0
2006	5	21.16	6.95000000000005	819.39	92.87	390	0
2006	6	23.92	11.1	839.2	71.03	390	0
2006	7	25.96	14.18	791.5	159.67	390	0
2006	8	24.97	12.72	821.04	43.4	390	0
2006	9	22.62	9.59000000000003	735.37	98.73	390	0
2006	10	14.4	2.96000000000004	519.9	246.39	390	0
2006	11	6.38	-3.14999999999998	445.67	90.38	390	0
2006	12	3.27000000000004	-7.23999999999995	363.5	151.96	390	0
2007	1	1.05000000000001	-8.71999999999997	396.59	205.16	390	0
2007	2	2.09000000000003	-7.46999999999997	469.46	124.62	390	0
2007	3	4.93000000000001	-6.08999999999997	734.9	113.92	390	0
2007	4	12.67	1.21000000000004	683.47	227.26	390	0
2007	5	22.03	9.53000000000003	713.85	81.15	390	0
2007	6	25.56	11.11	917.6	65.99	390	0
2007	7	28.0700000000001	14.89	825.1	111.21	390	0
2007	8	29.49	14.36	895.82	72.32	390	0
2007	9	22.94	8.41000000000003	784.77	92.61	390	0
2007	10	16.36	4.02000000000004	581.52	86.68	390	0
2007	11	8.66000000000003	-2.14999999999998	472.4	67.61	390	0
2007	12	3.38	-6.48999999999995	368.1	105.29	390	0
2008	1	-2.91999999999996	-13.78	399.82	109.23	390	0
2008	2	-1.92999999999995	-13.23	566.15	36.35	390	0
2008	3	6.86000000000001	-4	640.47	114.59	390	0
2008	4	11.6	-0.20999999999998	830.36	157.45	390	0
2008	5	19.31	5.87	851.19	38.91	390	0
2008	6	24.83	11.81	841.28	53.39	390	0
2008	7	26.53	13.9	853.19	87.61	390	0
2008	8	25.28	14.18	768.68	84.48	390	0
2008	9	20.77	8.43000000000001	725.71	193.99	390	0
2008	10	16.01	4.56	533.77	128.9	390	0
2008	11	12.06	1.29000000000002	420.29	134.42	390	0
2008	12	4.33000000000004	-6.20999999999998	374.14	67.34	390	0
2009	1	-1.42999999999995	-12.63	416.42	91.2	390	0
2009	2	0.840000000000032	-10.52	535.28	54.61	390	0
2009	3	3.41000000000003	-7.27999999999997	682.47	55.63	390	0
2009	4	12.43	0.740000000000009	736.62	144.16	390	0
2009	5	18.5700000000001	6.23000000000002	772.31	68.02	390	0
2009	6	24.8200000000001	12.05	820.75	94.8	390	0
2009	7	26.79	15.95	761.82	146.2	390	0
2009	8	26.8	13.74	856.02	66.45	390	0
2009	9	23.26	9.94	710.8	125.44	390	0
2009	10	15.53	4.06	574.74	72.18	390	0
2009	11	8.03000000000003	-1.72999999999996	463.86	122.67	390	0
2009	12	2.30000000000001	-6.96999999999997	427.86	38.84	390	0
2010	1	0.730000000000018	-8.89999999999998	377.83	88.11	390	0
2010	2	3.43000000000001	-7.88999999999999	546.91	64.54	390	0
2010	3	6.99000000000001	-3.25999999999999	690.95	84.33	390	0
2010	4	11.24	0.29000000000002	693.57	179.69	390	0
2010	5	18.62	7.01000000000005	680.16	136.87	390	0
2010	6	23.71	11.25	815.04	62.89	390	0
2010	7	27.6	15.01	848.06	74.92	390	0
2010	8	24.25	12.95	776.02	162.38	390	0
2010	9	20.74	8.87	705.76	151.25	390	0
2010	10	15.81	3.70000000000005	618.84	32.77	390	0
2010	11	8.21000000000004	-2.63	484.07	149.67	390	0
2010	12	2.20000000000005	-6.56999999999999	375.81	35.53	390	0
2011	1	3.77000000000004	-4.58999999999997	323.44	164.4	390	0
2011	2	-0.139999999999986	-8.76999999999998	429.05	92.54	390	0
2011	3	6.55000000000001	-3	564.86	182.47	390	0
2011	4	13.92	1.99000000000001	688.14	191.79	390	0
2011	5	20.28	5.81	849.7	79.54	390	0
2011	6	26.12	13.45	824.81	90.48	390	0
2011	7	27.43	15.9	760.44	161.12	390	0
2011	8	26.94	14.5	813.19	62.49	390	0
2011	9	23.67	10.26	717.97	155.56	390	0
2011	10	16.54	3.72000000000003	628.23	82.16	390	0
2011	11	9.60000000000002	-1.75999999999999	513.32	54.96	390	0
2011	12	1.5	-8.62	399.86	47.37	390	0
2012	1	-1.27999999999997	-11.3	369.83	94.11	390	0
2012	2	-0.789999999999964	-11.9299999999999	495.28	127.47	390	0
2012	3	9.61000000000001	-1.01999999999998	647.19	140.92	390	0
2012	4	11.58	0.270000000000039	703.95	148.65	390	0
2012	5	16.7	5	732.32	227.53	390	0
2012	6	24.3200000000001	13.02	767.25	103.6	390	0
2012	7	26.74	15.77	755.67	109.99	390	0
2012	8	26.21	14.35	802.49	99.18	390	0
2012	9	20.8200000000001	9.02000000000004	709.21	134.59	390	0
2012	10	14.89	2.53000000000003	602.91	74.78	390	0
2012	11	9.22000000000003	-0.870000000000005	464.74	66.45	390	0
2012	12	5.45000000000005	-4.65999999999997	350.52	105.86	390	0
2013	1	-2.13999999999999	-11.73	391.02	68.93	390	0
2013	2	1.72000000000003	-10.21	554.59	44.49	390	0
2013	3	7.82000000000005	-4.13	668.74	91.04	390	0
2013	4	11.01	0.189999999999998	716.29	102.4	390	0
2013	5	17.3	5.68000000000001	765	89.61	390	0
2013	6	25.42	11.72	839.06	123.79	390	0
2013	7	27.34	14.2	873.35	85.4	390	0
2013	8	25.3	13.91	786.33	61.94	390	0
2013	9	21.1	8.46000000000004	712.04	113.42	390	0
2013	10	15.38	2.19	618.16	56.6	390	0
2013	11	7.10000000000002	-1.29999999999995	406.37	121.19	390	0
2013	12	1.95000000000005	-7.34999999999997	331.74	119.2	390	0
2014	1	-1.38999999999999	-11.13	433.34	74.24	390	0
2014	2	-0.20999999999998	-10.66	484.83	92.41	390	0
2014	3	7.62	-4.20999999999998	646.31	117.25	390	0
2014	4	14.6	1.81	775.52	76.66	390	0
2014	5	21.87	6.56	895.87	69.39	390	0
2014	6	24.55	12.28	774.11	141.31	390	0
2014	7	28.42	15.1	897.36	55.19	390	0
2014	8	26.09	14.45	738.66	128.04	390	0
2014	9	21.96	10.94	659.52	127.93	390	0
2014	10	13.62	1.64000000000004	640.55	51.43	390	0
2014	11	6.08000000000004	-2.65999999999997	395.03	131.4	390	0
2014	12	-0.0399999999999636	-9.60999999999996	389.49	66.37	390	0
2015	1	-3.59999999999997	-13.72	412.8	69.24	401.63	0
2015	2	-0.979999999999961	-13	576.84	38.3	402.55	0
2015	3	2.35000000000002	-7.72999999999996	650.44	167.1	403.53	0
2015	4	12.74	1.20000000000005	653.49	186.09	404.99	0
2015	5	18.3200000000001	6.39000000000004	728.39	128.19	405.53	0
2015	6	23.51	10.92	836.87	100.38	404.98	0
2015	7	26.71	14.56	802.25	104.21	403.46	0
2015	8	25.8200000000001	14.2	786.98	97.88	400.87	0
2015	9	22.34	11.3	638.61	223.28	399.87	0
2015	10	14.4	2.76000000000005	581.8	85.41	399.73	0
2015	11	8.64000000000004	-1.48999999999995	455.73	106.38	401.16	0
2015	12	2.96000000000004	-6.95999999999998	307.09	146.18	402.37	0
2016	1	-2.01999999999998	-12.15	403.03	70.39	404.33	0
2016	2	1.87	-9.98999999999995	536.38	36.72	405.25	0
2016	3	5.72000000000003	-6.25999999999999	700.96	171.42	406.23	0
2016	4	15.33	1.97000000000003	797.61	76.3	407.69	0
2016	5	18.66	6.36000000000001	735.23	129.85	408.23	0
2016	6	23.0700000000001	11.18	803.56	136.69	407.68	0
2016	7	27.5700000000001	14.97	838.39	115.21	406.16	0
2016	8	26.87	14.25	828.11	64.05	403.57	0
2016	9	21.56	8.65000000000003	713.83	77.91	402.57	0
2016	10	16.06	3.49000000000001	583.07	98.91	402.43	0
2016	11	7.06	-3.19	488.29	100.75	403.86	0
2016	12	-0.71999999999997	-11.19	417.49	18.84	405.07	0
2017	1	-3.57999999999998	-14.07	424.1	62.68	407.1	0
2017	2	-0.389999999999986	-10.86	481.74	126.81	408.02	0
2017	3	2.32000000000005	-8.39999999999998	664.32	98.09	409	0
2017	4	14.9	2.21000000000004	698.01	72.19	410.46	0
2017	5	21.15	7.19	757.53	65.6	411	0
2017	6	25.64	12.7	836.81	66.32	410.45	0
2017	7	27.6	14.45	864.51	70.11	408.93	0
2017	8	26.87	14.12	820.58	121.21	406.34	0
2017	9	20.75	8.39000000000004	771.08	97.6	405.34	0
2017	10	14.63	3.40000000000003	542.82	96.09	405.2	0
2017	11	6.88	-2.48999999999995	458.63	75.29	406.63	0
2017	12	3.96000000000004	-4.83999999999997	338.93	125.79	407.84	0
2018	1	1.36000000000001	-8.98999999999995	382.08	174.97	409.93	0
2018	2	3.25	-7.32999999999998	497.06	48.34	410.85	0
2018	3	7.88	-1.75	557.79	186.81	411.83	0
2018	4	14.23	2.89000000000004	639.5	244.28	413.29	0
2018	5	23.75	9.28000000000003	791.58	80.31	413.83	0
2018	6	24.36	11.5700000000001	828.02	145.78	413.28	0
2018	7	28.7	16.65	777.55	127.7	411.76	0
2018	8	27.02	14.68	796.11	119.58	409.17	0
2018	9	20.81	8.64000000000004	715.24	133.34	408.17	0
2018	10	16.21	3.07000000000005	593.79	177.22	408.03	0
2018	11	7.59000000000003	-2.26999999999998	431.28	71.7	409.46	0
2018	12	2.95000000000005	-6.27999999999997	350.52	97.57	410.67	0
2019	1	1.42000000000002	-8.65999999999997	342.06	134.55	412.82	0
2019	2	1.02000000000004	-10.23	471.07	146.35	413.74	0
2019	3	8.36000000000001	-2.97999999999996	741.94	61.27	414.72	0
2019	4	11.44	-0.449999999999989	775.78	100.9	416.18	0
2019	5	19.29	7.20000000000005	698.36	190.9	416.72	0
2019	6	23.16	12.31	683.33	192.85	416.17	0
2019	7	27.58	15.46	764.74	178.46	414.65	0
2019	8	26.01	14.24	817.04	107.53	412.06	0
2019	9	21.8200000000001	9.19	729.41	82.62	411.06	0
2019	10	15.45	3.93000000000001	536.5	97.91	410.92	0
2019	11	11.02	-0.17999999999995	487.01	104.31	412.35	0
2019	12	6.49000000000001	-3.84999999999997	353.88	76.61	413.56	0
2020	1	-0.310000000000002	-12.41	420.23	132.85	415.78	0
2020	2	2.89000000000004	-8.75	537.66	61.39	416.7	0
2020	3	6.04000000000002	-4.91999999999996	649.05	188.61	417.68	0
2020	4	10.72	0.120000000000005	766.47	63.21	419.14	0
2020	5	18.31	6.21000000000004	758.13	90.3	419.68	0
2020	6	25.51	13.05	797.26	103.92	419.13	0
2020	7	28.76	15.45	877.38	62.83	417.61	0
2020	8	26.93	14.69	805.33	84.16	415.02	0
2020	9	22.14	9.83000000000004	694.28	115.76	414.02	0
2020	10	14.21	3.46000000000004	549.65	77.09	413.88	0
2020	11	7.02000000000004	-2.69	465.95	125.25	415.31	0
2020	12	5.63	-4.44999999999999	381.59	134.85	416.52	0
2021	1	0.800000000000011	-9.5	366.12	129.23	418.8	0
2021	2	2.35000000000002	-8.95999999999998	511.06	87.35	419.72	0
2021	3	5.56	-5.20999999999998	645.42	164.96	420.7	0
2021	4	11.5700000000001	0.520000000000039	727.68	146.66	422.16	0
2021	5	18.53	6.55000000000001	760.25	133.76	422.7	0
2021	6	25.31	12.62	821.85	99.85	422.15	0
2021	7	28.66	14.46	914.65	86.62	420.63	0
2021	8	28.0700000000001	14.11	855.72	69.73	418.04	0
2021	9	21.13	9.03000000000003	701.94	92.51	417.04	0
2021	10	15.84	4.56	543.47	127	416.9	0
2021	11	9.02000000000004	-0.989999999999952	449.04	213.57	418.33	0
2021	12	4.49000000000001	-2.78999999999996	296.6	195.1	419.54	0
2022	1	-1.60999999999996	-12.36	412.51	57.89	421.86	0
2022	2	-1.33999999999997	-12.28	537.67	82.95	422.78	0
2022	3	5.23000000000002	-4.77999999999997	658.21	178.58	423.76	0
2022	4	13.41	0.960000000000036	803.63	42.61	425.22	0
2022	5	21.77	8.52000000000004	752.23	103.88	425.76	0
2022	6	24.96	12.33	829.98	97.7	425.21	0
2022	7	28.61	15.51	851.19	75.48	423.69	0
2022	8	26.67	15.28	782.09	85.21	421.1	0
2022	9	22.35	10.96	667.27	100.89	420.1	0
2022	10	13.2	1.59000000000003	592.63	98.33	419.96	0
2022	11	7.5	-1.25999999999999	428.04	79.37	421.39	0
2022	12	4.18000000000001	-4.88999999999999	387.48	122.82	422.6	0
2023	1	2.25	-7.29999999999995	411.63	48.28	424.99	0
2023	2	1.85000000000002	-8.38999999999999	499.52	56.52	425.91	0
2023	3	7.92000000000002	-3.70999999999998	722.14	61.87	426.89	0
2023	4	11.51	-0.639999999999986	793.5	59.35	428.35	0
2023	5	18.6	6.14000000000004	791.53	72.67	428.89	0
2023	6	21.22	11.0700000000001	683.76	225.45	428.34	0
2023	7	27.59	14.86	847.95	111.82	426.82	0
2023	8	26.16	14.13	793.54	127.8	424.23	0
2023	9	22.06	10.04	695.23	147.07	423.23	0
2023	10	17.61	6.45000000000005	496.44	140.44	423.09	0
2023	11	6.48000000000002	-1.97999999999996	403.07	152.84	424.52	0
2023	12	3.28000000000003	-5.42999999999995	369.92	158.5	425.73	0
2024	1	-0.139999999999986	-10.77	428.43	74.21	428.2	0
2024	2	3.20000000000005	-8.23999999999995	476.58	62.74	429.12	0
2024	3	7.23000000000002	-3.56	583.19	160.74	430.1	0
2024	4	13.84	1.76000000000005	716.52	102.57	431.56	0
2024	5	18.85	6.43000000000001	751.94	109.86	432.1	0
2024	6	21.99	9.09000000000003	831.17	125.65	431.55	0
2024	7	26.52	14.94	789.94	127.64	430.03	0
2024	8	27.47	14.3200000000001	846.11	107.58	427.44	0
2024	9	23.16	12.01	633.5	267.18	426.44	0
2024	10	17.23	5.04000000000002	558.49	96.62	426.3	0
2024	11	8.20000000000005	-2.04999999999995	452.26	157.35	427.73	0
2024	12	2.42000000000002	-8	373.1	194.24	428.94	0
2025	1	-2.91999999999996	-12.38	379.08	53.39	431.47	0
2025	2	4.04000000000002	-6.17999999999995	451.31	120.96	432.39	0
2025	3	9.65000000000003	-2.13999999999999	675.18	37.74	433.37	0
2025	4	12.69	1.15000000000003	723.01	193.8	434.83	0
2025	5	21.84	7.67000000000002	823.86	82.48	435.37	0
2025	6	23.46	11.21	794.11	171.34	434.82	0
2025	7	27.85	17	780.19	112.49	433.3	0
2025	8	28.87	15.2	819.85	172.43	430.71	0
2025	9	23.25	11.65	663.88	107.73	429.71	0
2025	10	15.62	3.62	563.79	81.01	429.57	0
2025	11	5.62	-3.14999999999998	423.3	105.73	431	0
2025	12	2.93000000000001	-5.73999999999995	334.63	183.71	432.21	0
2026	1	0.75	-8.5	353.97	163.17	434.83	0
2026	2	3.16000000000003	-7.95999999999998	525.03	73.46	435.75	0
2026	3	10.28	-1.13999999999999	624.45	108.1	436.73	0
2026	4	13.62	0.950000000000045	776.04	83.33	438.19	0
2026	5	20.63	7.43000000000001	798.29	81.66	438.73	0
2026	6	26.2	12.59	868.4	77.95	438.18	0
2026	7	28.18	16.4	786.76	99.55	436.66	0
2026	8	25.95	15.26	759.66	125.69	434.07	0
2026	9	23.43	10.78	750.74	26.39	433.07	0
2026	10	15.61	3.75	577.12	97.79	432.93	0
2026	11	8.41000000000003	-1.88999999999999	463.46	118.18	434.36	0
2026	12	3.67000000000002	-4.94999999999999	370	52.6	435.57	0
2027	1	1.47000000000003	-9.59999999999997	408.16	141.83	438.24	0
2027	2	4.61000000000001	-6.84999999999997	432.24	91.1	439.16	0
2027	3	5.69	-5.03999999999996	680.86	63.78	440.14	0
2027	4	11.61	-0.189999999999998	756.62	128.13	441.6	0
2027	5	18.47	6.46000000000004	731.18	137.68	442.14	0
2027	6	23.7	11.48	799.07	150.08	441.59	0
2027	7	27.8200000000001	14.43	894.79	94.61	440.07	0
2027	8	27.59	14.58	836.47	135.04	437.48	0
2027	9	23	10.22	737.76	73.19	436.48	0
2027	10	16.46	3.82000000000005	583.54	60.41	436.34	0
2027	11	7.84000000000003	-2.38	444.78	48.75	437.77	0
2027	12	1.69	-7.60999999999996	374.29	89.78	438.98	0
2028	1	1.83000000000004	-9.58999999999997	445.38	56.64	441.72	0
2028	2	5.25	-6.76999999999998	448.75	91.81	442.64	0
2028	3	7.24000000000001	-4.94999999999999	742.55	76.04	443.62	0
2028	4	12.79	0.640000000000043	727.73	129.68	445.08	0
2028	5	24.48	11.06	895.94	41.68	445.62	0
2028	6	27.51	14.13	859.44	56.79	445.07	0
2028	7	28.58	14.18	795.63	120.68	443.55	0
2028	8	22.96	11.08	583.63	171.32	440.96	0
2028	9	15.84	2.78000000000003	546.43	100.98	439.96	0
2028	10	8.15000000000003	-0.979999999999961	411.86	105.82	439.82	0
2028	11	0.939999999999998	-8.23999999999995	364.36	41.36	441.25	0
2028	12	2.88	-6.22999999999996	373.73	108.61	442.46	0
2029	1	2.45000000000005	-8.66999999999996	635.04	64.76	445.25	0
2029	2	6.57000000000005	-3.31999999999999	693.11	164.21	446.17	0
2029	3	14.63	2.13	872.57	192.13	447.15	0
2029	4	21.03	7.98000000000002	818.67	67.02	448.61	0
2029	5	24.68	11.2	912.65	72.97	449.15	0
2029	6	28.0700000000001	15.24	784.65	110.89	448.6	0
2029	7	27.26	14.56	746.46	135.96	447.08	0
2029	8	22.76	10.19	666.55	117.71	444.49	0
2029	9	13.61	2.84000000000003	508.14	91.66	443.49	0
2029	10	6.29000000000002	-1.64999999999998	333.66	140.63	443.35	0
2029	11	2.54000000000002	-6	349.45	74.79	444.78	0
2029	12	-0.620000000000005	-10.42	395.85	136.56	445.99	0
2030	1	2.64000000000004	-9.44	534.04	81.04	448.83	0
2030	2	5.75	-4.62	780.41	61.98	449.75	0
2030	3	14.05	2.53000000000003	821.06	161.97	450.73	0
2030	4	17.35	5.06	875.47	53.38	452.19	0
2030	5	25.74	12.63	870.72	77.58	452.73	0
2030	6	28.86	14.98	871.27	72.92	452.18	0
2030	7	29.3	15.87	781.7	96.77	450.66	0
2030	8	21.8200000000001	10.09	612.48	98.28	448.07	0
2030	9	17.3200000000001	3.69	528.44	54.64	447.07	0
2030	10	6.06	-4.07999999999998	387.48	99.6	446.93	0
2030	11	-0.799999999999955	-9.88999999999999	369.23	21.47	448.36	0
2030	12	2.71000000000004	-6.94	432.98	47.58	449.57	0
2031	1	3.16000000000003	-7.81	519.99	156.25	452.47	0
2031	2	5.81	-5	788.67	66.57	453.39	0
2031	3	13.19	1.57000000000005	814.06	150.47	454.37	0
2031	4	20.4	7.14000000000004	868.78	84.38	455.83	0
2031	5	25.49	13.34	823.8	119.81	456.37	0
2031	6	27.06	15.73	721.81	256.05	455.82	0
2031	7	26.91	15.15	750.89	65.12	454.3	0
2031	8	21.02	9.25	621.72	191.59	451.71	0
2031	9	11.39	1.70000000000005	440.87	201.55	450.71	0
2031	10	7.42000000000002	-2.12	384.06	149.26	450.57	0
2031	11	2.54000000000002	-5.38999999999999	346.15	61.7	452	0
2031	12	-1.04999999999995	-12.29	449.91	81.4	453.21	0
2032	1	1.81	-9.58999999999997	544.37	156.43	456.18	0
2032	2	9.83000000000004	-1.82999999999998	777.51	41.6	457.1	0
2032	3	12.19	0.379999999999995	818.22	111.5	458.08	0
2032	4	21.3	7.20000000000005	892.67	78.36	459.54	0
2032	5	27.75	13.36	928.78	49.95	460.08	0
2032	6	30.48	17.01	829.28	86.28	459.53	0
2032	7	26	15.53	658.49	105.3	458.01	0
2032	8	26.54	13.4	640.69	36.5	455.42	0
2032	9	15.92	4.97000000000003	414.51	268.79	454.42	0
2032	10	11.09	0.629999999999995	369.03	170.49	454.28	0
2032	11	6.10000000000002	-3.88	330.87	128.07	455.71	0
2032	12	-1.47999999999996	-12.84	443.03	141.97	456.92	0
2033	1	0.800000000000011	-11.03	615.33	88.37	459.96	0
2033	2	5.11000000000001	-6.15999999999997	788.32	145.47	460.88	0
2033	3	16.09	2.80000000000001	872.04	94.91	461.86	0
2033	4	19.18	6.81	795.95	135.69	463.32	0
2033	5	25.54	11.27	927.04	57.2	463.86	0
2033	6	27.94	15.23	833.15	72.61	463.31	0
2033	7	26.97	12.8	825.9	75.61	461.79	0
2033	8	21.5	9.13	629.05	129.88	459.2	0
2033	9	16.77	4.42000000000002	497.57	94.45	458.2	0
2033	10	9.08000000000004	-0.0499999999999545	323.85	170.05	458.06	0
2033	11	4.41000000000003	-3.97999999999996	331.6	73.15	459.49	0
2033	12	1.89000000000004	-7.48999999999995	420.15	97.62	460.7	0
2034	1	1.80000000000001	-9.87	581.26	112.23	463.85	0
2034	2	6.21000000000004	-4.53999999999996	731.2	120.19	464.77	0
2034	3	15.55	3.09000000000003	825.67	123.22	465.75	0
2034	4	20.64	7.47000000000003	879.06	82.63	467.21	0
2034	5	24.88	12.7	814.82	138.41	467.75	0
2034	6	27.69	15.29	810.01	122.12	467.2	0
2034	7	26.43	15.8	641.35	234.34	465.68	0
2034	8	21.25	9.45000000000005	655.59	39.12	463.09	0
2034	9	14.69	3.38	488.55	104.59	462.09	0
2034	10	6.76000000000005	-2.33999999999997	417.78	69.82	461.95	0
2034	11	5.52000000000004	-3.75	325.89	111.56	463.38	0
2034	12	2.11000000000001	-7.63999999999999	402.78	83.67	464.59	0
2035	1	2.61000000000001	-10.11	662.13	21.35	467.85	0
2035	2	5.60000000000002	-5.04999999999995	791.9	58.62	468.77	0
2035	3	13.21	1.29000000000002	873.82	131.29	469.75	0
2035	4	20.5700000000001	7.09000000000003	880.6	98.83	471.21	0
2035	5	25.91	14.1	774.05	93.92	471.75	0
2035	6	29.6	15.88	852	83.35	471.2	0
2035	7	29.46	16.4	753.26	104.32	469.68	0
2035	8	22.96	10.2	656.87	56.4	467.09	0
2035	9	16.77	4.66000000000003	497.42	113.56	466.09	0
2035	10	12.01	1.22000000000003	392.78	79.07	465.95	0
2035	11	3.27000000000004	-5.70999999999998	328.48	83.53	467.38	0
2035	12	-0.560000000000002	-11.4299999999999	483.68	65.52	468.59	0
2036	1	3.68000000000001	-7.88999999999999	555.33	238.85	471.96	0
2036	2	4.24000000000001	-7.53999999999996	804.87	51.96	472.88	0
2036	3	13.27	1.78000000000003	840.68	81.88	473.86	0
2036	4	20.95	7.58000000000004	843.84	100.96	475.32	0
2036	5	24.29	12.38	840.18	135.62	475.86	0
2036	6	27.3	15.53	750.87	131.07	475.31	0
2036	7	27.36	16.34	679.43	140.21	473.79	0
2036	8	21.43	10.46	580.23	125.53	471.2	0
2036	9	15.3	3.05000000000001	544.91	46.07	470.2	0
2036	10	9.27000000000004	-0.609999999999957	388.39	50.88	470.06	0
2036	11	5.15000000000003	-3.06999999999999	306.24	79.83	471.49	0
2036	12	1.57000000000005	-7.25	374.64	151.12	472.7	0
2037	1	-0.689999999999998	-12.73	616.53	58.16	476.18	0
2037	2	5.97000000000003	-6.28999999999996	786.03	177.68	477.1	0
2037	3	13.85	1.41000000000003	859.4	96.8	478.08	0
2037	4	21.91	8.23000000000002	851.93	84.28	479.54	0
2037	5	26.28	12.13	919.51	55.84	480.08	0
2037	6	25.97	13.5700000000001	823.23	116.61	479.53	0
2037	7	27.5	14.97	755.8	115.85	478.01	0
2037	8	22.74	11.21	637.63	37.46	475.42	0
2037	9	15.35	4.17000000000002	454.27	159.1	474.42	0
2037	10	9.73000000000002	-0.389999999999986	363.61	140.24	474.28	0
2037	11	2.5	-5.98999999999995	278.44	247.77	475.71	0
2037	12	-0.769999999999982	-11	441.52	94.8	476.92	0
2038	1	1.70000000000005	-8.54999999999995	523.47	156.48	480.51	0
2038	2	8.73000000000002	-1.51999999999998	733.09	117.06	481.43	0
2038	3	12.66	1.58000000000004	809.14	200.26	482.41	0
2038	4	19.96	6.51000000000005	879.72	117.36	483.87	0
2038	5	25.76	12.47	856.78	117.97	484.41	0
2038	6	30	15	903.59	64.56	483.86	0
2038	7	26.71	15.19	723.28	95.7	482.34	0
2038	8	20.13	8.75	604.11	110.26	479.75	0
2038	9	16.72	4.95000000000005	470.48	133.19	478.75	0
2038	10	7.41000000000003	-1.32999999999998	349.48	149.37	478.61	0
2038	11	2.23000000000002	-6.81999999999999	359.52	85.24	480.04	0
2038	12	-2.29999999999995	-13.08	429.41	86.22	481.25	0
2039	1	0.510000000000048	-11.41	615.38	105.99	484.93	0
2039	2	7.10000000000002	-4.44	835.48	85.78	485.85	0
2039	3	13.4	1.5	844.03	90.55	486.83	0
2039	4	18.14	5.99000000000001	849.24	193.24	488.29	0
2039	5	23.64	11.71	827.91	142.61	488.83	0
2039	6	27.89	15.22	822.3	102.28	488.28	0
2039	7	26.18	14.79	733.1	90.18	486.76	0
2039	8	22.35	11.28	590.8	195.13	484.17	0
2039	9	15.42	3.97000000000003	503.03	133.62	483.17	0
2039	10	7.48000000000002	-1.83999999999997	351.61	236.34	483.03	0
2039	11	3.43000000000001	-5.44999999999999	344.38	96.44	484.46	0
2039	12	-1.33999999999997	-11.97	386.98	172.59	485.67	0
2040	1	2.58000000000004	-8.09999999999997	529.04	97.45	489.44	0
2040	2	6.80000000000001	-3.62	744.43	110.7	490.36	0
2040	3	13.61	1.73000000000002	797.9	92.51	491.34	0
2040	4	19.37	7.93000000000001	766.79	158.6	492.8	0
2040	5	25.39	12.02	866.7	166.09	493.34	0
2040	6	29.8	16.3	836.65	74.08	492.79	0
2040	7	27.46	15.49	705.38	189.68	491.27	0
2040	8	24.61	11.28	672.74	78.02	488.68	0
2040	9	17.61	4.66000000000003	543.95	53.61	487.68	0
2040	10	9.96000000000004	0.0400000000000205	347.82	191.29	487.54	0
2040	11	1.99000000000001	-6.10999999999996	341.67	111.81	488.97	0
2040	12	-1.23999999999995	-11.56	470.57	48.9	490.18	0
2041	1	3.21000000000004	-9.33999999999997	609.83	120.78	494.03	0
2041	2	11.69	0.32000000000005	691.09	125.47	494.95	0
2041	3	12.92	0.660000000000025	890.22	115.58	495.93	0
2041	4	21.92	7.42000000000002	926.81	71.23	497.39	0
2041	5	25.3	12.51	878.68	70.93	497.93	0
2041	6	27.78	14.38	865.37	92.38	497.38	0
2041	7	28.84	15.54	792.12	53.99	495.86	0
2041	8	22.5	10.98	595.65	200.65	493.27	0
2041	9	14.46	3.32000000000005	514.04	134.92	492.27	0
2041	10	7.79000000000002	0.0400000000000205	333.98	146.99	492.13	0
2041	11	1.76000000000005	-7.32999999999998	331.97	138.96	493.56	0
2041	12	1.02000000000004	-9.39999999999998	431.59	70.62	494.77	0
2042	1	2.62	-7.81999999999999	533.25	135.87	498.73	0
2042	2	7.55000000000001	-3.32999999999998	686.06	109.2	499.65	0
2042	3	12.05	1.55000000000001	696.61	228.54	500.63	0
2042	4	20.65	7.54000000000002	841.57	131.86	502.09	0
2042	5	24.3	12.31	788.79	173.78	502.63	0
2042	6	28.0700000000001	17.02	724.08	135.17	502.08	0
2042	7	27.23	14.22	802.19	78.48	500.56	0
2042	8	24.61	12.86	572.71	201.92	497.97	0
2042	9	17.02	5.92000000000002	468.01	83.75	496.97	0
2042	10	10.5700000000001	0.590000000000032	339.41	200.08	496.83	0
2042	11	2.99000000000001	-5.64999999999998	323.53	172.35	498.26	0
2042	12	-1.16999999999996	-11.45	459.57	94.17	499.47	0
2043	1	-0.96999999999997	-12.74	582.16	108.52	503.53	0
2043	2	2.22000000000003	-7.97999999999996	760.25	162.63	504.45	0
2043	3	14.22	1.48000000000002	883.19	82.47	505.43	0
2043	4	21.52	8.51000000000005	890.57	60.22	506.89	0
2043	5	24.56	13.36	765.51	200.72	507.43	0
2043	6	29.76	16.11	861.84	104.43	506.88	0
2043	7	27.47	14.34	790.56	59.94	505.36	0
2043	8	21.79	9.61000000000001	615.1	191.76	502.77	0
2043	9	16.78	4.06	516.89	30.77	501.77	0
2043	10	11.22	1.09000000000003	372.57	150.06	501.63	0
2043	11	3.29000000000002	-6.15999999999997	320.57	104.35	503.06	0
2043	12	-2.06999999999999	-12.4299999999999	452.58	123.06	504.27	0
2044	1	0.560000000000002	-11.31	581.42	79.92	508.43	0
2044	2	8.72000000000003	-2.21999999999997	776.82	97.39	509.35	0
2044	3	13.49	1.98000000000002	793.28	167.78	510.33	0
2044	4	22.13	7.71000000000004	908.51	75.59	511.79	0
2044	5	25.25	11.4	910.99	142.63	512.33	0
2044	6	30.54	17.73	823.14	54.55	511.78	0
2044	7	27.92	15.04	773.43	72.43	510.26	0
2044	8	22.56	9.17000000000002	696.21	79.53	507.67	0
2044	9	13.76	2.49000000000001	519.84	112.71	506.67	0
2044	10	9.07000000000005	-0.71999999999997	391.33	99	506.53	0
2044	11	1.45000000000005	-7.76999999999998	319.49	124.63	507.96	0
2044	12	1.24000000000001	-9.60999999999996	442.43	102.46	509.17	0
2045	1	2.32000000000005	-8.90999999999997	624.25	45.41	513.46	0
2045	2	7.79000000000002	-2.54999999999995	739.9	95.67	514.38	0
2045	3	17.1	3.58000000000004	852.34	68.54	515.36	0
2045	4	21.93	7.52000000000004	943.88	75.14	516.82	0
2045	5	26.65	13.8200000000001	889.19	101.89	517.36	0
2045	6	29.0700000000001	16.1	835.86	85.74	516.81	0
2045	7	29.02	14.52	825.52	59.95	515.29	0
2045	8	21.83	8.71000000000004	705.22	105.72	512.7	0
2045	9	13.63	3.05000000000001	489.65	181.47	511.7	0
2045	10	7.48000000000002	-1.19999999999999	348.73	148.3	511.56	0
2045	11	5.30000000000001	-3.85999999999996	328.11	187.05	512.99	0
2045	12	1.62	-7.39999999999998	438.15	45.51	514.2	0
2046	1	4.71000000000004	-5.96999999999997	564.2	77.46	518.61	0
2046	2	6.94	-2.69999999999999	640.12	218.9	519.53	0
2046	3	14.52	2.65000000000003	830.39	123.17	520.51	0
2046	4	19.47	5.82000000000005	911.32	52.64	521.97	0
2046	5	26.51	12.95	908.99	74.66	522.51	0
2046	6	29.67	16.83	813.73	53.39	521.96	0
2046	7	27.02	15.21	716.44	185.26	520.44	0
2046	8	23.15	10.99	632.8	65.23	517.85	0
2046	9	14.41	3.54000000000002	464.44	126.55	516.85	0
2046	10	6.03000000000003	-3.27999999999997	398.61	89.51	516.71	0
2046	11	5.13	-4.59999999999997	318.86	188.95	518.14	0
2046	12	-1.92999999999995	-12.36	449.25	87.65	519.35	0
2047	1	1.5	-10.46	639.3	52.29	523.9	0
2047	2	4.45000000000005	-6.45999999999998	771.04	210.12	524.82	0
2047	3	15.26	2.21000000000004	913.69	86.41	525.8	0
2047	4	22.96	8.01000000000005	964.01	32.98	527.26	0
2047	5	26.03	12.26	909.38	84.84	527.8	0
2047	6	28.22	15	845.24	86.32	527.25	0
2047	7	27.5	15.13	734.43	147.86	525.73	0
2047	8	21.6	9.41000000000003	674.41	119.18	523.14	0
2047	9	18.28	6.29000000000002	489.4	102.23	522.14	0
2047	10	10.3200000000001	0.439999999999998	379.67	119.56	522	0
2047	11	5.31	-4.50999999999999	341.61	120.9	523.43	0
2047	12	0	-10.22	449.86	138.21	524.64	0
2048	1	5.17000000000002	-5.79999999999995	599.69	22.14	529.32	0
2048	2	6.18000000000001	-4.67999999999995	763.14	63.54	530.24	0
2048	3	13.89	1.88	875.59	97.85	531.22	0
2048	4	19.88	6.68000000000001	894.49	81.11	532.68	0
2048	5	22.8	10.17	873.16	88.67	533.22	0
2048	6	28.02	15.75	792.96	220.75	532.67	0
2048	7	28.03	15.88	745.5	154.26	531.15	0
2048	8	23.53	10.13	695.82	45.81	528.56	0
2048	9	17.14	5.04000000000002	490.17	118.76	527.56	0
2048	10	10.79	0.82000000000005	368.58	142.92	527.42	0
2048	11	4.59000000000003	-5.37	337.6	104.96	528.85	0
2048	12	2.49000000000001	-7.85999999999996	432.68	106.81	530.06	0
2049	1	0.25	-10.74	547.74	107.54	534.88	0
2049	2	9.18000000000001	-0.769999999999982	599.82	104.2	535.8	0
2049	3	14.94	2.78000000000003	877.73	105.03	536.78	0
2049	4	20.52	6.89000000000004	884.2	77.09	538.24	0
2049	5	24.61	11.76	870.61	104.36	538.78	0
2049	6	27.26	15.96	765.32	179.5	538.23	0
2049	7	26.58	14.24	724.1	143.66	536.71	0
2049	8	22.62	10.62	647.52	93.2	534.12	0
2049	9	14.81	3.41000000000003	550.48	59.53	533.12	0
2049	10	6.98000000000002	-1.92999999999995	380.79	137.2	532.98	0
2049	11	2.70000000000005	-6.84999999999997	330.3	148.18	534.41	0
2049	12	-2.39999999999998	-12.88	474.29	55.22	535.62	0
2050	1	1.10000000000002	-10.51	542.19	111.95	540.54	0
2050	2	6.72000000000003	-4.65999999999997	870	98.09	541.46	0
2050	3	14.31	2.71000000000004	750.18	167.33	542.44	0
2050	4	24.18	9.09000000000003	976.56	49.46	543.9	0
2050	5	26.68	13.0700000000001	857.78	134.34	544.44	0
2050	6	29.84	16.25	823.52	152.61	543.89	0
2050	7	28.95	16.18	781.41	58.3	542.37	0
2050	8	24.94	12.74	605.51	120.62	539.78	0
2050	9	17.58	6.31	447.83	192.28	538.78	0
2050	10	9.46000000000004	0.0200000000000387	337.51	165.99	538.64	0
2050	11	2.72000000000003	-7.56	332.03	64.17	540.07	0
2050	12	-0.449999999999989	-11.28	408.63	106.05	541.28	0
2051	1	4.75	-4.96999999999997	523.22	56.89	546.32	0
2051	2	7.5	-2.67999999999995	767.08	63.15	547.24	0
2051	3	14.25	2.68000000000001	763.37	215.09	548.22	0
2051	4	20.79	7.41000000000003	911.86	48.98	549.68	0
2051	5	25.01	13.05	798.75	111.19	550.22	0
2051	6	27.84	15.86	806.86	91.73	549.67	0
2051	7	27.76	14.52	810.59	51.8	548.15	0
2051	8	21.88	10.03	607.93	322.92	545.56	0
2051	9	17.38	4.45000000000005	532.59	80.93	544.56	0
2051	10	8.41000000000003	0.120000000000005	333.73	192.48	544.42	0
2051	11	5.14000000000004	-3.22999999999996	301.21	157.74	545.85	0
2051	12	1.23000000000002	-8.31999999999999	441.14	67	547.06	0
2052	1	1.51000000000005	-8.34999999999997	497.4	109.75	552.21	0
2052	2	7.98000000000002	-3.40999999999997	718.82	91.87	553.13	0
2052	3	16.4	3.63	838.17	76.07	554.11	0
2052	4	21.48	8	865.99	104.77	555.57	0
2052	5	26.23	12.52	924.01	67.03	556.11	0
2052	6	30.16	15.88	889.36	35.07	555.56	0
2052	7	28.42	16.0700000000001	729.24	167.97	554.04	0
2052	8	25.18	11.76	651.42	46.19	551.45	0
2052	9	14.74	3.17000000000002	517.37	172.94	550.45	0
2052	10	8.02000000000004	-0.919999999999959	351.94	133.24	550.31	0
2052	11	5.16000000000003	-2.96999999999997	332.8	110.16	551.74	0
2052	12	-0.46999999999997	-10.84	439.19	110.34	552.95	0
2053	1	3.60000000000002	-8.47999999999996	582.72	124.52	558.21	0
2053	2	9.86000000000001	-1.66999999999996	718.06	172.17	559.13	0
2053	3	14.06	2.18000000000001	839.6	106.52	560.11	0
2053	4	23.17	9.47000000000003	870.53	125.96	561.57	0
2053	5	26.7	12.65	928.71	84.06	562.11	0
2053	6	27.93	15.91	804.42	111.1	561.56	0
2053	7	28.65	15.52	790.04	81.81	560.04	0
2053	8	24.09	10.3200000000001	690.9	56.84	557.45	0
2053	9	17.22	6.29000000000002	433.32	213.09	556.45	0
2053	10	11.55	1.56	362.8	134.04	556.31	0
2053	11	4.10000000000002	-4.87	332.99	89.68	557.74	0
2053	12	-1.57999999999998	-12.04	409.75	226.32	558.95	0
2054	1	-1.12	-11.72	585.98	141.83	564.31	0
2054	2	8.88	-0.560000000000002	636.86	116.87	565.23	0
2054	3	15.7	2.99000000000001	883.61	106.17	566.21	0
2054	4	21.67	9.77000000000004	746.42	121.14	567.67	0
2054	5	25.24	11.64	884.94	114.22	568.21	0
2054	6	28.47	15.78	845.57	154.53	567.66	0
2054	7	29.96	15.59	829.26	59.71	566.14	0
2054	8	25.79	12.06	668.93	89.53	563.55	0
2054	9	16.46	4.58000000000004	496.65	144.68	562.55	0
2054	10	8.95000000000005	-0.839999999999975	362.09	300.52	562.41	0
2054	11	3.56	-4.44999999999999	330.96	78.81	563.84	0
2054	12	1.33000000000004	-8.25999999999999	465.72	20.87	565.05	0
2055	1	1.49000000000001	-9.35999999999996	639.51	60.97	570.52	0
2055	2	8.21000000000004	-3.50999999999999	749	87.21	571.44	0
2055	3	14.26	1.78000000000003	868.53	80.96	572.42	0
2055	4	24.38	9.97000000000003	897.03	83.16	573.88	0
2055	5	26.46	12.87	880.02	125.23	574.42	0
2055	6	29.53	16.38	809.69	218.22	573.87	0
2055	7	28.69	16.86	730.44	153.06	572.35	0
2055	8	24.02	11.14	682.36	84.11	569.76	0
2055	9	16.78	4.34000000000003	537.3	97.6	568.76	0
2055	10	10.79	1.17000000000002	355.02	61.82	568.62	0
2055	11	4.49000000000001	-4.73999999999995	324.72	115.18	570.05	0
2055	12	0.300000000000011	-9.96999999999997	404.97	73.06	571.26	0
2056	1	3.70000000000005	-8.04999999999995	549.7	121.22	576.84	0
2056	2	6.45000000000005	-4.85999999999996	718.26	184.33	577.76	0
2056	3	15.42	2.89000000000004	857.16	120.82	578.74	0
2056	4	20.89	7.49000000000001	897.22	47.6	580.2	0
2056	5	25.29	11.85	881.7	134	580.74	0
2056	6	30.97	17.34	837.3	70.88	580.19	0
2056	7	29.61	17.37	729.75	86.67	578.67	0
2056	8	24.38	11.26	654.58	130.67	576.08	0
2056	9	16.78	4.13	545.24	42.41	575.08	0
2056	10	9.83000000000004	-0.829999999999984	394.02	84.58	574.94	0
2056	11	4.96000000000004	-4.19	328.18	122.71	576.37	0
2056	12	0.240000000000009	-9.20999999999998	403.1	140.51	577.58	0
2057	1	3.92000000000002	-8.16999999999996	551.25	103.36	583.3	0
2057	2	7.86000000000001	-3.25	764.83	114.84	584.22	0
2057	3	14.23	2.23000000000002	800.88	194.65	585.2	0
2057	4	21.61	7.22000000000003	956.48	86.75	586.66	0
2057	5	27.16	12.94	896.22	147.93	587.2	0
2057	6	30.02	16.44	864.41	88.69	586.65	0
2057	7	28.49	15.52	770.52	170.7	585.13	0
2057	8	24.76	10.81	685.8	112.95	582.54	0
2057	9	17.65	5.80000000000001	511.35	52.69	581.54	0
2057	10	8.74000000000001	0.129999999999995	337.32	181.49	581.4	0
2057	11	3.71000000000004	-5.62	348.61	82.25	582.83	0
2057	12	5.20000000000005	-3.60999999999996	398.37	93.9	584.04	0
2058	1	5.5	-5.10999999999996	527.14	106.17	589.91	0
2058	2	9.57000000000005	-1.62	790.35	140.6	590.83	0
2058	3	12.95	1.57000000000005	822.05	104.67	591.81	0
2058	4	20.58	7.35000000000002	855.2	199.43	593.27	0
2058	5	24.76	12.12	852.35	74.84	593.81	0
2058	6	30.71	16.64	848.61	113.32	593.26	0
2058	7	27.83	15.25	747.26	208.32	591.74	0
2058	8	25.0700000000001	11.62	666.79	106.1	589.15	0
2058	9	19.88	7.70000000000005	469.89	211.7	588.15	0
2058	10	8.69	-0.0199999999999818	382.94	94.32	588.01	0
2058	11	4.52000000000004	-4.07999999999998	360	95.72	589.44	0
2058	12	0.920000000000016	-8.35999999999996	417.07	158.31	590.65	0
2059	1	1.04000000000002	-10.07	609.29	53.45	596.65	0
2059	2	6.07000000000005	-4.63999999999999	764.14	74.21	597.57	0
2059	3	16.92	3.96000000000004	831.8	110.67	598.55	0
2059	4	22.06	9.63	788.44	93.04	600.01	0
2059	5	26.0700000000001	12.22	916.82	72.99	600.55	0
2059	6	29.47	16.25	847.46	106.06	600	0
2059	7	27.89	17.6	620.47	156.01	598.48	0
2059	8	24.84	11.84	671.06	66.16	595.89	0
2059	9	15.43	4.33000000000004	520.7	44.09	594.89	0
2059	10	8	-0.759999999999991	344.6	181.11	594.75	0
2059	11	6.48000000000002	-3.57999999999998	339.42	131.6	596.18	0
2059	12	1.58000000000004	-8.60999999999996	419.69	137.68	597.39	0
2060	1	4.25	-6.25999999999999	532.43	94.97	603.52	0
2060	2	10.18	-1.41999999999996	767.95	131	604.44	0
2060	3	15.06	3.10000000000002	777.69	178.08	605.42	0
2060	4	19.72	6.96000000000004	850.32	130.73	606.88	0
2060	5	26.37	12.54	931.27	80.26	607.42	0
2060	6	30.39	16.95	847.31	117.47	606.87	0
2060	7	29.94	16.16	781.54	71.99	605.35	0
2060	8	24.09	11.0700000000001	647.58	211.8	602.76	0
2060	9	16.26	4.06	527.63	65.56	601.76	0
2060	10	9.78000000000003	-0.329999999999984	439.24	75.31	601.62	0
2060	11	5.05000000000001	-4.42999999999995	330.84	223.95	603.05	0
2060	12	0.54000000000002	-9.29999999999995	432.75	166.45	604.26	0
2061	1	0.720000000000027	-10.66	582.61	80.14	610.52	0
2061	2	11.45	-0.0399999999999636	720.92	100.56	611.44	0
2061	3	14.44	2.07000000000005	884.09	202.4	612.42	0
2061	4	23.13	8.88	869.34	61.48	613.88	0
2061	5	27.76	14.49	883.51	82.49	614.42	0
2061	6	30.11	16.46	854.98	56.54	613.87	0
2061	7	30.05	16.59	802.9	35.6	612.35	0
2061	8	24.61	12.65	585.03	138.46	609.76	0
2061	9	18.21	5.72000000000003	510.84	141.2	608.76	0
2061	10	7.88	-1.40999999999997	394.97	127.72	608.62	0
2061	11	6.53000000000003	-2.27999999999997	324.88	109.8	610.05	0
2061	12	1.94	-7.51999999999998	424.23	63.02	611.26	0
2062	1	2.90000000000003	-6.95999999999998	541.23	101.4	617.61	0
2062	2	6.79000000000002	-2.56	656.85	240.07	618.53	0
2062	3	15.26	2.99000000000001	826.52	117.09	619.51	0
2062	4	22.42	8.84000000000003	871.1	198	620.97	0
2062	5	27.96	14.7	904.29	121.21	621.51	0
2062	6	31.84	17.71	851.31	67.42	620.96	0
2062	7	30.29	16.69	796.77	77.41	619.44	0
2062	8	25.3200000000001	11.51	698.42	31.47	616.85	0
2062	9	16.16	5.19	454.58	482.76	615.85	0
2062	10	7.34000000000003	-1.08999999999997	369.08	120.67	615.71	0
2062	11	2.25	-6.76999999999998	347.57	210.23	617.14	0
2062	12	3.37	-6.01999999999998	413.55	106.26	618.35	0
2063	1	2.11000000000001	-7.94999999999999	569.71	55.54	624.76	0
2063	2	6.56	-4.41999999999996	763.04	158.24	625.68	0
2063	3	15.56	2.83000000000004	919.5	90.93	626.66	0
2063	4	22.48	9.53000000000003	803.12	127.73	628.12	0
2063	5	25.45	12.76	888.64	115.58	628.66	0
2063	6	30.1	18.53	760.46	86.38	628.11	0
2063	7	28.51	17.17	686.32	127.38	626.59	0
2063	8	24.76	13.3200000000001	622.68	69.85	624	0
2063	9	15.88	4.82000000000005	502.04	150.67	623	0
2063	10	11.11	1.18000000000001	405.29	118.92	622.86	0
2063	11	5.49000000000001	-2.67999999999995	296.45	155.62	624.29	0
2063	12	4.85000000000002	-5.02999999999997	409.15	133.35	625.5	0
2064	1	5.46000000000004	-5.81999999999999	607.56	19.66	631.99	0
2064	2	5.29000000000002	-5.08999999999997	724.72	126.93	632.91	0
2064	3	13.68	2.06	817.37	122.57	633.89	0
2064	4	21.08	8.51000000000005	825.75	77.41	635.35	0
2064	5	26.96	12.5	892.57	127.89	635.89	0
2064	6	29.44	17.23	787.19	112.42	635.34	0
2064	7	30.44	16.46	777.23	109.09	633.82	0
2064	8	23.53	10.25	704.66	77	631.23	0
2064	9	15.15	3.95000000000005	488.95	64.54	630.23	0
2064	10	12.86	1.02000000000004	425.88	71.57	630.09	0
2064	11	8.27000000000004	-1.73999999999995	303.21	121.1	631.52	0
2064	12	0.420000000000016	-9.28999999999996	420.13	58.38	632.73	0
2065	1	6.28000000000003	-4.67999999999995	565.88	153.05	639.29	0
2065	2	7.19	-4.69999999999999	814.61	108.98	640.21	0
2065	3	12.5700000000001	1.85000000000002	749.44	171.39	641.19	0
2065	4	21.2	8.76000000000005	858.95	108.18	642.65	0
2065	5	26.89	13.02	866.98	145.83	643.19	0
2065	6	30.45	16.63	842.84	134.13	642.64	0
2065	7	30.8200000000001	17.49	757.7	136.42	641.12	0
2065	8	24.1	11.51	633.65	64.12	638.53	0
2065	9	16.59	5.57000000000005	496.03	100.78	637.53	0
2065	10	8.28000000000003	0.650000000000034	329.55	125.5	637.39	0
2065	11	4.88	-4.19	337.52	126.08	638.82	0
2065	12	4.87	-3.19	366.2	161.45	640.03	0
2066	1	6.51000000000005	-3.94999999999999	500.5	212.66	646.65	0
2066	2	8.39000000000004	-2.83999999999997	768.35	96.43	647.57	0
2066	3	16.84	4.43000000000001	784.03	162.94	648.55	0
2066	4	24.39	10.47	917	76.03	650.01	0
2066	5	27.56	14.58	842.12	214.11	650.55	0
2066	6	30.03	17.4	796.68	144.02	650	0
2066	7	29.56	17.69	754.78	75.04	648.48	0
2066	8	25.5	13.52	623.33	104.49	645.89	0
2066	9	19.62	7.64000000000004	511.74	43.61	644.89	0
2066	10	12.24	1.30000000000001	404.97	95.65	644.75	0
2066	11	6.54000000000002	-2.88999999999999	363.48	126.82	646.18	0
2066	12	3.46000000000004	-6.56	438.17	93.79	647.39	0
2067	1	4.87	-6.19999999999999	503.13	136.5	654.1	0
2067	2	6.63	-4.88	812.04	149.47	655.02	0
2067	3	16.65	3.37	928.92	61.67	656	0
2067	4	24.21	10.25	921.37	96.05	657.46	0
2067	5	29.02	14.66	950.26	77.52	658	0
2067	6	30.23	17.58	780.65	118.29	657.45	0
2067	7	30.68	16.86	814.28	73.18	655.93	0
2067	8	25.61	12.3	640.2	136.27	653.34	0
2067	9	17.79	5.69	530.9	56.48	652.34	0
2067	10	10.99	1.17000000000002	384.55	127.66	652.2	0
2067	11	5.82000000000005	-2.89999999999998	351.48	181.08	653.63	0
2067	12	2.38	-7.5	420.88	58.9	654.84	0
2068	1	3.08000000000004	-7.42999999999995	551.49	127.05	661.64	0
2068	2	6.07000000000005	-4.51999999999998	775.16	67.43	662.56	0
2068	3	15.46	2.43000000000001	875.19	75.02	663.54	0
2068	4	23.6	9.58000000000004	878.68	64.8	665	0
2068	5	27.17	13.33	890.29	180.98	665.54	0
2068	6	30.13	17.8200000000001	837.6	86.67	664.99	0
2068	7	30.5700000000001	17.06	788.3	74.8	663.47	0
2068	8	26.71	13.8	667.28	57.6	660.88	0
2068	9	18.3	5.5	549.97	117.09	659.88	0
2068	10	9.22000000000003	0.100000000000023	382.66	155.88	659.74	0
2068	11	4.77000000000004	-4.26999999999998	377.78	75.96	661.17	0
2068	12	0.390000000000043	-8.94	426.94	46	662.38	0
2069	1	1.10000000000002	-9.52999999999997	554.51	106.01	669.3	0
2069	2	6.68000000000001	-3.5	712.44	103.48	670.22	0
2069	3	11.65	0.600000000000023	846.71	104.52	671.2	0
2069	4	26.64	10.6	1008.52	36.28	672.66	0
2069	5	25.62	11.52	929.65	78.52	673.2	0
2069	6	27.94	15.69	812.52	118.01	672.65	0
2069	7	28.52	15.54	790.86	94.46	671.13	0
2069	8	24.97	12.78	620.93	71.57	668.54	0
2069	9	17.95	7.02000000000004	463.15	76.41	667.54	0
2069	10	12.48	1.95000000000005	388.99	161.22	667.4	0
2069	11	4.06	-5.63999999999999	318.84	170.59	668.83	0
2069	12	2.43000000000001	-6.06999999999999	428.58	125.13	670.04	0
2070	1	2.17000000000002	-8.52999999999997	550.42	119.05	677.08	0
2070	2	6.93000000000001	-2.53999999999996	609.23	156.17	678	0
2070	3	15.31	4	770.43	148.19	678.98	0
2070	4	21.98	8.59000000000003	888.79	130.73	680.44	0
2070	5	26.93	14.09	826.57	105.12	680.98	0
2070	6	31.17	19.3	760.56	130.57	680.43	0
2070	7	31.91	18.85	750.19	141.79	678.91	0
2070	8	25.28	12.04	676.52	78.24	676.32	0
2070	9	17.95	6.58000000000004	474.1	152.62	675.32	0
2070	10	11.37	1.44	417.56	92.51	675.18	0
2070	11	5.64000000000004	-3.19999999999999	350.21	101.52	676.61	0
2070	12	2.64000000000004	-5.12	348.52	83.47	677.82	0
2071	1	4.85000000000002	-4.56999999999999	453.11	136.21	684.95	0
2071	2	10.95	-0.649999999999977	749.41	113.76	685.87	0
2071	3	14.95	2.68000000000001	869.34	144.38	686.85	0
2071	4	20.37	7.47000000000003	862.26	112.31	688.31	0
2071	5	26.3200000000001	13.41	898.21	83.54	688.85	0
2071	6	29.79	17.14	814.76	289.5	688.3	0
2071	7	29.03	17.0700000000001	719.95	178.73	686.78	0
2071	8	25.3200000000001	12.75	650.26	85.5	684.19	0
2071	9	19.71	6.88	550.12	37.72	683.19	0
2071	10	11.73	1.58000000000004	394.09	99.48	683.05	0
2071	11	2.06	-6.56	337.21	93.59	684.48	0
2071	12	6.09000000000003	-3.87	354.26	120.65	685.69	0
2072	1	6.85000000000002	-4.19999999999999	520.53	181.71	692.9	0
2072	2	10.52	-1.32999999999998	824.92	89.1	693.82	0
2072	3	16.17	2.84000000000003	875.73	99.9	694.8	0
2072	4	21.48	8.35000000000002	822.47	153.54	696.26	0
2072	5	29.84	15.27	928.66	70.2	696.8	0
2072	6	30.69	17.81	763.25	230.09	696.25	0
2072	7	28.52	14.8200000000001	805.84	110.46	694.73	0
2072	8	25.77	12.37	691.9	73.5	692.14	0
2072	9	18.62	6.33000000000004	539.38	44.76	691.14	0
2072	10	11.5700000000001	1.88	375.49	105.59	691	0
2072	11	6.20000000000005	-2.85999999999996	310.95	125.01	692.43	0
2072	12	3.65000000000003	-6.28999999999996	413.84	105.59	693.64	0
2073	1	3.94	-6.02999999999997	541.66	53.83	700.89	0
2073	2	9.25	-1.67999999999995	731.34	240.69	701.81	0
2073	3	16.19	4.10000000000002	860.96	186.5	702.79	0
2073	4	21.41	8.65000000000003	810.76	113.02	704.25	0
2073	5	27.8200000000001	14.58	849.47	195.71	704.79	0
2073	6	29.98	16.36	888.53	69.66	704.24	0
2073	7	31.7	17.01	824.44	53.39	702.72	0
2073	8	23.42	11.47	627.83	177.04	700.13	0
2073	9	18.6	6.17000000000002	519.73	67.19	699.13	0
2073	10	10.0700000000001	0.0300000000000296	362.62	194.69	698.99	0
2073	11	8.15000000000003	-1.10999999999996	340.92	180.75	700.42	0
2073	12	3.04000000000002	-6.75	401.89	168.16	701.63	0
2074	1	2.15000000000003	-8.76999999999998	589.83	66.31	708.93	0
2074	2	11.4	0.439999999999998	630.59	164.78	709.85	0
2074	3	16.26	4.43000000000001	821.45	132.44	710.83	0
2074	4	26.77	11.22	946.47	59.91	712.29	0
2074	5	29.71	15.96	851.98	123.46	712.83	0
2074	6	31.47	18.21	848.32	84.98	712.28	0
2074	7	29.91	17.25	791.84	82.04	710.76	0
2074	8	25.5700000000001	13.95	590.79	148.71	708.17	0
2074	9	16.29	5.34000000000003	485.39	148.58	707.17	0
2074	10	12.69	3.10000000000002	400.76	80.48	707.03	0
2074	11	4.22000000000003	-4.50999999999999	355.24	106	708.46	0
2074	12	3.42000000000002	-6.12	408.68	83.26	709.67	0
2075	1	5.55000000000001	-5.88	555.81	118.68	717.02	0
2075	2	10.18	-1.29999999999995	871.04	37.82	717.94	0
2075	3	18.76	4.25	920.59	94.08	718.92	0
2075	4	24.09	10.83	828.46	117.62	720.38	0
2075	5	26.8	13.75	880.81	86.23	720.92	0
2075	6	32.54	18.75	849.04	88.13	720.37	0
2075	7	29.09	18.21	656.26	243.1	718.85	0
2075	8	24.58	12.24	659.51	158.14	716.26	0
2075	9	20.14	8.31	481.67	139.61	715.26	0
2075	10	9.30000000000001	-0.549999999999955	405.9	195.57	715.12	0
2075	11	5.20000000000005	-3.38999999999999	301.94	168.01	716.55	0
2075	12	-0.479999999999961	-10.77	448.44	63.36	717.76	0
2076	1	3.29000000000002	-8.25999999999999	613.76	32.74	725.14	0
2076	2	9.18000000000001	-2.25999999999999	762.23	159.09	726.06	0
2076	3	15.04	2.77000000000004	910.97	89.73	727.04	0
2076	4	22.35	8.31	916.71	101.34	728.5	0
2076	5	29.04	14.53	890.47	119.37	729.04	0
2076	6	29.5	16.8200000000001	839.45	71.37	728.49	0
2076	7	30.53	16.4	837.26	31.32	726.97	0
2076	8	23.18	10.85	638.55	181.68	724.38	0
2076	9	17.25	4.46000000000004	560.93	37.29	723.38	0
2076	10	10.73	0.960000000000036	397.56	161.37	723.24	0
2076	11	2.94	-5.73999999999995	353.92	46.47	724.67	0
2076	12	4.72000000000003	-4.34999999999997	382.45	99.91	725.88	0
2077	1	3.75	-6.32999999999998	577.22	91.89	733.31	0
2077	2	10.89	-0.569999999999993	738.58	111.1	734.23	0
2077	3	15.72	3.72000000000003	792.61	151.32	735.21	0
2077	4	20.28	8	784.6	181.89	736.67	0
2077	5	26.67	14.06	876.48	47.45	737.21	0
2077	6	28.71	17.44	743.58	123.97	736.66	0
2077	7	30.0700000000001	17.64	776.04	51.11	735.14	0
2077	8	24.08	11.92	634.01	159.67	732.55	0
2077	9	18.97	7.09000000000003	488.35	230	731.55	0
2077	10	11.11	1.80000000000001	367.01	146.12	731.41	0
2077	11	6.06	-1.31	309.68	144.17	732.84	0
2077	12	3.84000000000003	-4.10999999999996	379.52	146.69	734.05	0
2078	1	2.23000000000002	-9.08999999999997	643.34	99.18	741.52	0
2078	2	7.60000000000002	-1.88	732.76	134.78	742.44	0
2078	3	14.51	2.69	836.98	135.88	743.42	0
2078	4	24.29	10.43	907.35	67.64	744.88	0
2078	5	27.04	13.11	937.46	73.82	745.42	0
2078	6	30.76	19.1	747.18	215.89	744.87	0
2078	7	30.92	17.33	781.67	44.64	743.35	0
2078	8	24.86	12.42	619.49	170.88	740.76	0
2078	9	17.63	5.78000000000003	519.66	55.78	739.76	0
2078	10	11.13	1.45000000000005	382.29	130.97	739.62	0
2078	11	3.25	-6.5	339.54	77.64	741.05	0
2078	12	2.81	-7.47999999999996	405.96	165.15	742.26	0
2079	1	4.96000000000004	-5.88	509.39	109.19	749.8	0
2079	2	8.58000000000004	-3.01999999999998	704.43	191.24	750.72	0
2079	3	14.21	1.80000000000001	875.02	75.01	751.7	0
2079	4	20.81	8.98000000000002	798.58	311.57	753.16	0
2079	5	28.0700000000001	14.31	912.34	71.82	753.7	0
2079	6	32.36	19.22	829.82	62.45	753.15	0
2079	7	28.31	16.96	717.63	179.62	751.63	0
2079	8	24.34	11.74	647.92	180.87	749.04	0
2079	9	17.76	6.29000000000002	492.4	128.3	748.04	0
2079	10	13.81	3.15000000000003	399.62	126	747.9	0
2079	11	2.83000000000004	-6.21999999999997	364.01	113.98	749.33	0
2079	12	1.69	-7.65999999999997	323.14	222.22	750.54	0
2080	1	4.42000000000002	-6.64999999999998	575.35	149.69	758.18	0
2080	2	9.60000000000002	-2	756.03	151.17	759.1	0
2080	3	16.03	4.80000000000001	763.19	187.09	760.08	0
2080	4	22.04	8.90000000000003	852.08	109.47	761.54	0
2080	5	30.15	16.52	917.59	62.46	762.08	0
2080	6	30.62	17.84	805.72	131.03	761.53	0
2080	7	29.81	16.17	817.93	84.07	760.01	0
2080	8	25.19	13.22	635.19	130.86	757.42	0
2080	9	16.09	4.81	526.65	122.75	756.42	0
2080	10	11.8200000000001	1.85000000000002	390.72	83.56	756.28	0
2080	11	7.20000000000005	-1.50999999999999	339.52	123.31	757.71	0
2080	12	5.72000000000003	-4.32999999999998	405.84	128.6	758.92	0
2081	1	6.89000000000004	-3.02999999999997	547.66	82.79	766.64	0
2081	2	11.7	0.760000000000048	711.89	109.03	767.56	0
2081	3	16.71	3.75	886.26	121.54	768.54	0
2081	4	20.22	7.59000000000003	884.78	95.91	770	0
2081	5	29.05	14.09	927.86	30.7	770.54	0
2081	6	33.3	18.45	875.38	53.2	769.99	0
2081	7	31.3200000000001	17.39	791.99	98.02	768.47	0
2081	8	24.56	11.46	670.4	99.7	765.88	0
2081	9	18.21	6.52000000000004	508.04	114.21	764.88	0
2081	10	12.54	2.46000000000004	370.56	100.5	764.74	0
2081	11	3.62	-5.06999999999999	351.74	44.97	766.17	0
2081	12	2.38	-7.72999999999996	424.04	134.21	767.38	0
2082	1	5.91000000000003	-4.72999999999996	580.13	94.45	775.17	0
2082	2	13.09	1.67000000000002	701.78	132.91	776.09	0
2082	3	12.58	2.64000000000004	785.39	131.47	777.07	0
2082	4	23.75	9.97000000000003	861.81	93.2	778.53	0
2082	5	26.81	14.18	810.64	183.42	779.07	0
2082	6	31.65	17.78	859.44	60.74	778.52	0
2082	7	29.41	17.22	714.74	197.29	777	0
2082	8	28.28	15.4	616.86	100.12	774.41	0
2082	9	19.89	7.16000000000003	559.96	103.84	773.41	0
2082	10	9.60000000000002	0.230000000000018	399.06	96.35	773.27	0
2082	11	6.20000000000005	-2.29999999999995	344.17	62.83	774.7	0
2082	12	2.45000000000005	-6.31	393.91	89.72	775.91	0
2083	1	0.470000000000027	-9.98999999999995	576.09	115.89	783.75	0
2083	2	9.35000000000002	-1.62	765.27	93.4	784.67	0
2083	3	17.89	4.96000000000004	851.19	87.31	785.65	0
2083	4	23.49	8.84000000000003	967.27	76.74	787.11	0
2083	5	27.68	14.51	885.88	120.33	787.65	0
2083	6	30.67	19.34	786.36	91.22	787.1	0
2083	7	31.66	17.93	796.7	81.85	785.58	0
2083	8	26.58	13.73	655.38	92.25	782.99	0
2083	9	19.33	7.24000000000001	534.12	69.18	781.99	0
2083	10	8.40000000000003	-0.899999999999977	400.16	116.66	781.85	0
2083	11	5.85000000000002	-3.00999999999999	316.82	207.35	783.28	0
2083	12	0.810000000000002	-8.71999999999997	432.11	59.12	784.49	0
2084	1	4.74000000000001	-5.19	548.39	109.54	792.37	0
2084	2	9.18000000000001	-0.769999999999982	752.15	103.14	793.29	0
2084	3	14.39	2.04000000000002	927.42	100.32	794.27	0
2084	4	24.84	11.11	806.37	94.75	795.73	0
2084	5	29.16	16.51	834.71	98.87	796.27	0
2084	6	31.04	18.16	840.54	112.48	795.72	0
2084	7	29.86	17.3	766.33	123.85	794.2	0
2084	8	26.34	13.38	672.86	79.08	791.61	0
2084	9	16.47	5.64000000000004	477.9	228.02	790.61	0
2084	10	11.31	1.45000000000005	398.58	95.68	790.47	0
2084	11	5.42000000000002	-2.63	331.02	84.53	791.9	0
2084	12	1.74000000000001	-6.33999999999997	405.95	118.85	793.11	0
2085	1	6.09000000000003	-4.82999999999998	550.9	162.92	801.02	0
2085	2	9.31	-0.92999999999995	719.09	172.38	801.94	0
2085	3	17.48	5.10000000000002	838.12	102.23	802.92	0
2085	4	22.97	9.47000000000003	844.62	76.88	804.38	0
2085	5	29.6	16.03	860.49	190.66	804.92	0
2085	6	32.05	19.14	812.29	118.98	804.37	0
2085	7	30.95	17.56	812.36	37.31	802.85	0
2085	8	24.85	12.97	636.66	132.66	800.26	0
2085	9	19.5700000000001	8.37	474.41	132.63	799.26	0
2085	10	13.8200000000001	3.47000000000003	391.88	125.94	799.12	0
2085	11	5.61000000000001	-3.77999999999997	342.83	155.3	800.55	0
2085	12	0.830000000000041	-9.07999999999998	469.46	43.35	801.76	0
2086	1	3.21000000000004	-6.82999999999998	515.21	62.5	809.71	0
2086	2	9.65000000000003	-1.02999999999997	711.81	165.5	810.63	0
2086	3	15.38	4.31	777.36	158.32	811.61	0
2086	4	24.75	10.68	942.06	99.85	813.07	0
2086	5	27.21	15.04	827.35	181.52	813.61	0
2086	6	31.61	19.23	822.89	84.68	813.06	0
2086	7	30.5	18.42	750.35	143.72	811.54	0
2086	8	26.75	13.58	665.51	83.32	808.95	0
2086	9	18.85	7.03000000000003	496.47	83.66	807.95	0
2086	10	12.5	3.54000000000002	356.45	109.3	807.81	0
2086	11	3.90000000000003	-5.12	323.46	107.92	809.24	0
2086	12	3.04000000000002	-6.72999999999996	410.23	95.03	810.45	0
2087	1	3.77000000000004	-6.67999999999995	595.56	79.53	818.42	0
2087	2	9.12	-1.5	709.5	190.95	819.34	0
2087	3	16.52	5.12	732.23	135.09	820.32	0
2087	4	24.33	10.51	897.92	137.97	821.78	0
2087	5	26.0700000000001	13.52	891.98	115.44	822.32	0
2087	6	29	16.45	774.81	218.3	821.77	0
2087	7	30.41	17.45	760.56	132.83	820.25	0
2087	8	23.71	11.61	640.88	168.2	817.66	0
2087	9	18.69	7.19	539.17	104.37	816.66	0
2087	10	9.72000000000003	1.34000000000003	370.18	117.75	816.52	0
2087	11	7.79000000000002	-1.19	311.15	208.17	817.95	0
2087	12	5.63	-2.83999999999997	389.14	60.17	819.16	0
2088	1	5.94	-4.70999999999998	575.08	171.81	827.16	0
2088	2	10.69	-0.769999999999982	785.61	95.12	828.08	0
2088	3	14.64	3.46000000000004	774.77	205.67	829.06	0
2088	4	24.73	10.21	895.76	90.76	830.52	0
2088	5	27.28	15.15	818.61	85.6	831.06	0
2088	6	31.67	19.42	781.4	161.64	830.51	0
2088	7	29.8	16.96	812.33	69.21	828.99	0
2088	8	26.65	13.93	615.36	135.72	826.4	0
2088	9	20.46	8.64000000000004	488.28	107.91	825.4	0
2088	10	13.44	3.40000000000003	423.91	83.09	825.26	0
2088	11	7.25	-0.779999999999973	316	87.97	826.69	0
2088	12	4.37	-5.29999999999995	388.3	100.62	827.9	0
2089	1	4.52000000000004	-5.81999999999999	559.93	77.37	835.96	0
2089	2	7.38	-3.59999999999997	704.08	251.77	836.88	0
2089	3	16.33	4.15000000000003	862.64	88.5	837.86	0
2089	4	23.5	9.93000000000001	937.14	20.84	839.32	0
2089	5	28.51	15.5700000000001	842.85	124.32	839.86	0
2089	6	31.37	17.35	860.36	156.26	839.31	0
2089	7	30.61	17.16	783.95	43.41	837.79	0
2089	8	29.65	15.45	678.83	50.73	835.2	0
2089	9	21.2	8.24000000000001	543.65	67.79	834.2	0
2089	10	13.79	3.75	387.37	113.06	834.06	0
2089	11	6.12	-3.72999999999996	360.55	91.86	835.49	0
2089	12	2.32000000000005	-7.33999999999997	412.97	59.01	836.7	0
2090	1	2.67000000000002	-9.70999999999998	683.95	49.51	844.8	0
2090	2	13.55	1.73000000000002	790.64	114.15	845.72	0
2090	3	15.96	4.30000000000001	842.93	96.79	846.7	0
2090	4	21.38	9.11000000000001	807.17	163.44	848.16	0
2090	5	30.75	16.14	892.81	88.25	848.7	0
2090	6	32.99	18.03	885.22	130.75	848.15	0
2090	7	31.02	18.3	741.67	183.32	846.63	0
2090	8	25.62	13.19	642.55	122.66	844.04	0
2090	9	17.16	6.77000000000004	439.27	170.76	843.04	0
2090	10	12.04	2.20000000000005	390.64	51.79	842.9	0
2090	11	6.34000000000003	-1.70999999999998	292.04	143.58	844.33	0
2090	12	7.72000000000003	-0.71999999999997	327.66	120.87	845.54	0
2091	1	7.91000000000003	-3.25999999999999	500	118.92	853.73	0
2091	2	11.75	0.270000000000039	773.85	78.83	854.65	0
2091	3	16.6	4.81	729.45	211.24	855.63	0
2091	4	23.29	9.90000000000003	860.71	61.48	857.09	0
2091	5	29.5700000000001	15.7	896.85	101.06	857.63	0
2091	6	33.5	19.26	853.72	101.43	857.08	0
2091	7	31.72	17.35	830.62	85.74	855.56	0
2091	8	25.39	13.23	630.3	182.93	852.97	0
2091	9	19.03	7.69	469.87	117.98	851.97	0
2091	10	12.2	2.69	363.49	106.91	851.83	0
2091	11	10.31	1.20000000000005	310.71	66.09	853.26	0
2091	12	6.37	-3.27999999999997	340.31	197.44	854.47	0
2092	1	2.24000000000001	-8.13999999999999	602.54	107.28	862.73	0
2092	2	8.87	-1.90999999999997	783.95	203.11	863.65	0
2092	3	13.8	2.82000000000005	743.56	221.05	864.63	0
2092	4	24.14	11.01	863.1	89.13	866.09	0
2092	5	29.61	15.67	895.94	83.46	866.63	0
2092	6	32.15	18.23	830.05	101.19	866.08	0
2092	7	32.77	18.13	793.79	71.69	864.56	0
2092	8	27.06	14.5	625.2	118.6	861.97	0
2092	9	20.31	8.74000000000001	513.71	34.16	860.97	0
2092	10	11.54	1.83000000000004	404.23	94.13	860.83	0
2092	11	7.91000000000003	-0.479999999999961	296.67	158.64	862.26	0
2092	12	9.38	0.960000000000036	321.7	174.13	863.47	0
2093	1	3.68000000000001	-6.75	509.09	147.5	871.78	0
2093	2	7.95000000000005	-2.77999999999997	755.88	104.39	872.7	0
2093	3	14.91	2.09000000000003	858	241.96	873.68	0
2093	4	25.25	10.74	920.48	80.91	875.14	0
2093	5	28.71	13.95	949.27	62.04	875.68	0
2093	6	30.59	18.52	733.81	280.45	875.13	0
2093	7	31.49	18.52	737.93	140.83	873.61	0
2093	8	26.49	14.95	596.15	123.35	871.02	0
2093	9	21.1	9.15000000000003	492.26	146.33	870.02	0
2093	10	9.95000000000005	0.890000000000043	387.2	91.71	869.88	0
2093	11	6.35000000000002	-2.44999999999999	340.74	66.9	871.31	0
2093	12	4.88	-4.33999999999997	389.05	168.07	872.52	0
2094	1	7.16000000000003	-2.73999999999995	526.32	148.28	880.86	0
2094	2	9.11000000000001	-1.51999999999998	708.83	178.26	881.78	0
2094	3	16.35	4.41000000000003	793.39	120.92	882.76	0
2094	4	22.46	9.93000000000001	842.3	137.88	884.22	0
2094	5	27.81	15.36	831.6	138.68	884.76	0
2094	6	31.73	19.39	786.49	213.02	884.21	0
2094	7	31.65	17.6	825.8	51.04	882.69	0
2094	8	25.91	13.34	657.68	117.62	880.1	0
2094	9	21.5	8.72000000000003	519.38	193.23	879.1	0
2094	10	13.81	3.77000000000004	404.84	102.4	878.96	0
2094	11	8.87	0.230000000000018	314.99	127.99	880.39	0
2094	12	3.70000000000005	-5.75	399.56	126.83	881.6	0
2095	1	4.91000000000003	-6.00999999999999	552.01	117.97	889.98	0
2095	2	12.94	0.550000000000011	716.29	106.34	890.9	0
2095	3	18.05	5.30000000000001	893.8	87.3	891.88	0
2095	4	23.37	9.56	881.48	70.57	893.34	0
2095	5	30.49	16.8	886.35	119.75	893.88	0
2095	6	31.8200000000001	19.47	803.37	95.81	893.33	0
2095	7	31.09	18.1	797.44	53.77	891.81	0
2095	8	25.97	13.68	636.84	114.68	889.22	0
2095	9	18.94	6.97000000000003	516.09	161.7	888.22	0
2095	10	11.74	2.36000000000001	356.9	177.15	888.08	0
2095	11	6.76000000000005	-2.25	322.32	130.92	889.51	0
2095	12	2.03000000000003	-8.58999999999997	402.05	133.44	890.72	0
2096	1	2.92000000000002	-8.54999999999995	629.06	120.76	899.12	0
2096	2	9.98000000000002	-1.98999999999995	755.26	153.04	900.04	0
2096	3	19.03	5.65000000000003	886.7	58.78	901.02	0
2096	4	25.25	12.13	755.11	174.12	902.48	0
2096	5	29.86	15.99	889.92	146.2	903.02	0
2096	6	32.39	19.37	801.39	105.43	902.47	0
2096	7	31.95	19.52	733.18	105.88	900.95	0
2096	8	25.55	12.17	672.53	133.23	898.36	0
2096	9	19.8	8.76000000000005	488.88	82.18	897.36	0
2096	10	12.63	2.69	386.54	112.74	897.22	0
2096	11	7.35000000000002	-1.13	332.04	65.68	898.65	0
2096	12	6.63	-2.38	398.14	146.81	899.86	0
2097	1	4.32000000000005	-5.88	558.11	89.31	908.29	0
2097	2	10.23	-0.0399999999999636	741.4	147.79	909.21	0
2097	3	17.46	4.96000000000004	850.12	179.74	910.19	0
2097	4	23.79	10.18	873.9	83.33	911.65	0
2097	5	26.23	14.21	858.96	71.38	912.19	0
2097	6	31.41	18.61	799.34	89.57	911.64	0
2097	7	32.96	19.2	749.23	107.55	910.12	0
2097	8	29.78	15.53	681.75	77.9	907.53	0
2097	9	18.95	8.02000000000004	464.67	134.8	906.53	0
2097	10	12	1.74000000000001	416.28	53.46	906.39	0
2097	11	5.81	-3.13	348.9	85.63	907.82	0
2097	12	1.80000000000001	-7.34999999999997	432.94	44.65	909.03	0
2098	1	1.17000000000002	-9.5	622.19	45.15	917.47	0
2098	2	8.82000000000005	-3.04999999999995	785.5	91.95	918.39	0
2098	3	17.61	5.04000000000002	783.33	95.07	919.37	0
2098	4	22.97	11.04	805.92	150.18	920.83	0
2098	5	27.4	14.94	867.71	109.08	921.37	0
2098	6	34.81	19.5	873.03	24.23	920.82	0
2098	7	31.72	17.86	791.31	115.22	919.3	0
2098	8	27.51	14.14	667.51	56.72	916.71	0
2098	9	18.4	6.74000000000001	525.47	94.13	915.71	0
2098	10	10.89	2.37	348.25	115.29	915.57	0
2098	11	5.95000000000005	-1.94	309.21	95.52	917	0
2098	12	3.17000000000002	-5.64999999999998	421.72	44.37	918.21	0
2099	1	9.14000000000004	-1.37	457.19	146.24	926.67	0
2099	2	10.21	-1.58999999999997	795.22	62.59	927.59	0
2099	3	16.39	3.75	893.49	119.16	928.57	0
2099	4	23.56	9.73000000000002	874.49	77.02	930.03	0
2099	5	29.87	15.9	806.79	238.02	930.57	0
2099	6	29.24	18.6	717.51	138.32	930.02	0
2099	7	32.66	18.08	796.65	94.1	928.5	0
2099	8	27.17	12.86	705.7	49.94	925.91	0
2099	9	18	7.20000000000005	492.92	101.58	924.91	0
2099	10	10.93	2.95000000000005	330.22	184.09	924.77	0
2099	11	6.80000000000001	-1.75999999999999	333.99	106.23	926.2	0
2099	12	3.17000000000002	-5.64999999999998	421.72	44.37	927.41	0
2100-2200	1	9.14000000000004	-1.37	457.19	146.24	926.67	0
2100-2200	2	10.21	-1.58999999999997	795.22	62.59	927.59	0
2100-2200	3	16.39	3.75	893.49	119.16	928.57	0
2100-2200	4	23.56	9.73000000000002	874.49	77.02	930.03	0
2100-2200	5	29.87	15.9	806.79	238.02	930.57	0
2100-2200	6	29.24	18.6	717.51	138.32	930.02	0
2100-2200	7	32.66	18.08	796.65	94.1	928.5	0
2100-2200	8	27.17	12.86	705.7	49.94	925.91	0
2100-2200	9	18	7.20000000000005	492.92	101.58	924.91	0
2100-2200	10	10.93	2.95000000000005	330.22	184.09	924.77	0
2100-2200	11	6.80000000000001	-1.75999999999999	333.99	106.23	926.2	0
2100-2200	12	3.17000000000002	-5.64999999999998	421.72	44.37	927.41	0
