Year	Month	Tmax	Tmin	PAR	Prec	CO2	O3
1200-1949	1	-2.01999999999998	-11.82	431.62	82.96	390	0
1200-1949	2	-0.339999999999975	-10.72	546.13	77.99	390	0
1200-1949	3	4.81	-4.98999999999995	665.54	188.61	390	0
1200-1949	4	12.16	1.41000000000003	701.84	143.77	390	0
1200-1949	5	16.28	6.34000000000003	657.9	114.53	390	0
1200-1949	6	21.42	10.55	824.05	48.43	390	0
1200-1949	7	23.16	13.0700000000001	772.24	87.37	390	0
1200-1949	8	23.19	11.92	828.73	85.3	390	0
1200-1949	9	21.08	10.56	700.48	130.56	390	0
1200-1949	10	15.03	5.63	481.39	158.46	390	0
1200-1949	11	9.24000000000001	0.0300000000000296	474.54	60.99	390	0
1200-1949	12	-0.439999999999998	-9.66999999999996	350.82	77.81	390	0
1950	1	-2.01999999999998	-11.82	431.62	82.96	390	0
1950	2	-0.339999999999975	-10.72	546.13	77.99	390	0
1950	3	4.81	-4.98999999999995	665.54	188.61	390	0
1950	4	12.16	1.41000000000003	701.84	143.77	390	0
1950	5	16.28	6.34000000000003	657.9	114.53	390	0
1950	6	21.42	10.55	824.05	48.43	390	0
1950	7	23.16	13.0700000000001	772.24	87.37	390	0
1950	8	23.19	11.92	828.73	85.3	390	0
1950	9	21.08	10.56	700.48	130.56	390	0
1950	10	15.03	5.63	481.39	158.46	390	0
1950	11	9.24000000000001	0.0300000000000296	474.54	60.99	390	0
1950	12	-0.439999999999998	-9.66999999999996	350.82	77.81	390	0
1951	1	-0.529999999999973	-9.38	380.35	139.11	390	0
1951	2	0.410000000000025	-8.66999999999996	402.61	182.22	390	0
1951	3	4.67000000000002	-3.81	609.82	128.76	390	0
1951	4	12.4	0.970000000000027	792.93	55.6	390	0
1951	5	16.97	6.49000000000001	704.85	88.1	390	0
1951	6	22.08	11.45	769.8	66.64	390	0
1951	7	23.73	12.46	857.69	77.91	390	0
1951	8	22.92	12.62	759.35	171.64	390	0
1951	9	20.24	9.61000000000001	678.82	94.35	390	0
1951	10	15.39	5.34000000000003	506.5	139.92	390	0
1951	11	5.04000000000002	-3.94	481.04	82.86	390	0
1951	12	1.96000000000004	-8.03999999999996	395.17	120.12	390	0
1952	1	1.06	-9.29999999999995	387.9	118.45	390	0
1952	2	1.19	-9.52999999999997	535.65	48.26	390	0
1952	3	5.04000000000002	-4.75	730.13	76.7	390	0
1952	4	9.98000000000002	-0.20999999999998	691.23	133.27	390	0
1952	5	19.68	7.81	664.49	140.45	390	0
1952	6	20.64	10.22	727.62	195.43	390	0
1952	7	22.65	12.42	756.71	139.09	390	0
1952	8	23.78	13.3200000000001	755.02	163.98	390	0
1952	9	19.08	9.11000000000001	694.23	95.7	390	0
1952	10	12.55	2.85000000000002	563.44	145.04	390	0
1952	11	3.85000000000002	-4.75999999999999	429.37	116.73	390	0
1952	12	-1.28999999999996	-10.78	369.39	51.75	390	0
1953	1	-0.519999999999982	-11.7	393.61	199.17	390	0
1953	2	-3.46999999999997	-15.1	503.35	53.31	390	0
1953	3	3.86000000000001	-5.06999999999999	640.38	155.76	390	0
1953	4	11.69	1.17000000000002	733.22	88.87	390	0
1953	5	17.14	5.72000000000003	746.78	152.62	390	0
1953	6	24.0700000000001	12.76	798.75	92.2	390	0
1953	7	25.54	14.02	835.11	91.12	390	0
1953	8	25.44	13.39	871.18	19.89	390	0
1953	9	19.17	8.09000000000003	719.3	176.03	390	0
1953	10	14.85	5.10000000000002	514.27	131.41	390	0
1953	11	5.85000000000002	-2.77999999999997	431.11	125.73	390	0
1953	12	-0.659999999999968	-9.63999999999999	378.59	99.74	390	0
1954	1	-2.25999999999999	-11.88	387.68	50.86	390	0
1954	2	-0.799999999999955	-10.4299999999999	519.69	34.59	390	0
1954	3	4.71000000000004	-5.45999999999998	660.64	119.04	390	0
1954	4	11.61	0.689999999999998	745.96	158.41	390	0
1954	5	17.11	5.85000000000002	781.36	104.21	390	0
1954	6	21.09	10.22	777	168	390	0
1954	7	24.77	13.95	808.5	105.37	390	0
1954	8	23.88	13.53	757.98	128	390	0
1954	9	18.6	8.34000000000003	688.86	85.76	390	0
1954	10	12.68	2.34000000000003	527.48	69.5	390	0
1954	11	4.49000000000001	-3.64999999999998	447.17	113.73	390	0
1954	12	2.73000000000002	-5.78999999999996	355.68	193.44	390	0
1955	1	-2.02999999999997	-11.6	428.13	116.59	390	0
1955	2	1.01000000000005	-9.19999999999999	577.86	36.98	390	0
1955	3	5.20000000000005	-3.59999999999997	713.25	149.94	390	0
1955	4	12.67	1.91000000000003	708.28	100.1	390	0
1955	5	20.04	7.76000000000005	732.52	84.43	390	0
1955	6	21.84	10.71	818.78	67.05	390	0
1955	7	24.6	14.76	699.97	151.34	390	0
1955	8	22.98	12.76	745.91	117.13	390	0
1955	9	17.76	8.19	659.82	135.22	390	0
1955	10	14.86	4.02000000000004	589.65	84.02	390	0
1955	11	5.93000000000001	-2.20999999999998	424.27	115.18	390	0
1955	12	0.54000000000002	-8.44	429.57	93.3	390	0
1956	1	-2.17999999999995	-11.72	405.37	104.58	390	0
1956	2	1.20000000000005	-9.56	487.88	79.39	390	0
1956	3	6.66000000000003	-2.96999999999997	620.27	137.75	390	0
1956	4	12.34	1.40000000000003	763.05	88.13	390	0
1956	5	18.1	6.20000000000005	815.32	89.28	390	0
1956	6	22.4	11.3	817.09	77.21	390	0
1956	7	26.03	14.1	879.61	42.28	390	0
1956	8	25.61	14.92	757.47	96.02	390	0
1956	9	20.37	9	731.9	55.58	390	0
1956	10	14.71	4.03000000000003	599.42	79.62	390	0
1956	11	7.53000000000003	-0.909999999999968	445.96	106.82	390	0
1956	12	1.89000000000004	-6.51999999999998	368.03	109.48	390	0
1957	1	-1.96999999999997	-12.2	443.58	72.53	390	0
1957	2	-0.349999999999966	-11.76	570.69	44.54	390	0
1957	3	4.73000000000002	-4.63	700.21	71.48	390	0
1957	4	12.3200000000001	0.920000000000016	781.39	107.13	390	0
1957	5	14.96	4.68000000000001	750.73	103.2	390	0
1957	6	20.78	10.84	722.63	156.94	390	0
1957	7	25.98	14.71	816.86	53.8	390	0
1957	8	26.04	14.09	842.72	43.84	390	0
1957	9	23.06	10.97	719.17	66.3	390	0
1957	10	16.46	5.49000000000001	547.68	102.54	390	0
1957	11	10.16	0.129999999999995	468.2	31.09	390	0
1957	12	2.19	-7.82999999999998	329.91	141.55	390	0
1958	1	1.08000000000004	-8.06999999999999	338.37	90.07	390	0
1958	2	-0.870000000000005	-11.25	531.76	25.12	390	0
1958	3	3.91000000000003	-5.66999999999996	678.9	100.58	390	0
1958	4	14.27	3.13	677.45	75.16	390	0
1958	5	17.19	6.31	757.82	128.33	390	0
1958	6	21.22	10.68	736.67	144.39	390	0
1958	7	25.78	14.68	806.42	104.93	390	0
1958	8	23.45	13.24	753.8	71	390	0
1958	9	20.73	10.04	688.08	97.89	390	0
1958	10	15.25	4.95000000000005	548.59	98.46	390	0
1958	11	9.68000000000001	0.600000000000023	421.69	65.96	390	0
1958	12	2.81	-6.10999999999996	344.61	167.38	390	0
1959	1	0.870000000000005	-8.97999999999996	435.78	127.1	390	0
1959	2	1.79000000000002	-7.72999999999996	570.11	75.99	390	0
1959	3	5.59000000000003	-3.83999999999997	648.63	119.94	390	0
1959	4	10.69	0.550000000000011	741.8	152.09	390	0
1959	5	16.27	5.83000000000004	709.13	51.82	390	0
1959	6	20.59	10.13	788.93	54.61	390	0
1959	7	24.63	14.4	760.48	196.81	390	0
1959	8	23.97	12.76	829.27	60.49	390	0
1959	9	18.96	7.39000000000004	772.5	29.7	390	0
1959	10	13.76	3.56	533.97	125.52	390	0
1959	11	8.11000000000001	-0.949999999999989	453.79	124.81	390	0
1959	12	-0.939999999999998	-9.82999999999998	367.11	116.24	390	0
1960	1	-2.27999999999997	-12.46	456.4	36.25	390	0
1960	2	-1.14999999999998	-11.14	525.42	87.65	390	0
1960	3	7.04000000000002	-2.69999999999999	617.81	108.17	390	0
1960	4	11.48	1.08000000000004	747.18	180.86	390	0
1960	5	15.26	5.71000000000004	676.53	164.36	390	0
1960	6	23.6	12.33	792.88	82.52	390	0
1960	7	26.68	14.4	907.38	56.48	390	0
1960	8	24.89	14.2	744.78	70.87	390	0
1960	9	20.7	9.65000000000003	701.72	103.11	390	0
1960	10	11.8	1.75	588.02	93.36	390	0
1960	11	6.09000000000003	-2.33999999999997	429.29	171.62	390	0
1960	12	0.660000000000025	-9.17999999999995	330.1	113.73	390	0
1961	1	-1.10999999999996	-11.46	379.21	105.45	390	0
1961	2	0.760000000000048	-8.23999999999995	420.6	126.61	390	0
1961	3	4.14000000000004	-5.10999999999996	656.6	185.01	390	0
1961	4	12.21	1.10000000000002	764.04	107.04	390	0
1961	5	17	5.96000000000004	648.55	207.58	390	0
1961	6	22.03	11.09	792.23	64.09	390	0
1961	7	24.96	14.24	781.34	122.9	390	0
1961	8	25.95	14.76	816.89	32.42	390	0
1961	9	18.24	8.22000000000003	701.14	76.58	390	0
1961	10	13.03	4.60000000000002	473.62	214.84	390	0
1961	11	6.5	-1.95999999999998	445.18	149.42	390	0
1961	12	0.200000000000045	-9.32999999999998	357.67	74.95	390	0
1962	1	-1.14999999999998	-10.22	434.22	26.12	390	0
1962	2	1.08000000000004	-8.62	575.51	108.56	390	0
1962	3	6.76000000000005	-2.35999999999996	636.1	160.78	390	0
1962	4	13.63	2.32000000000005	771.3	97.07	390	0
1962	5	18.91	6.02000000000004	830.08	77.64	390	0
1962	6	21.89	11.39	745.85	76.76	390	0
1962	7	25.93	14.58	843.75	54.59	390	0
1962	8	22.95	12.31	764.62	136.2	390	0
1962	9	18.34	8.15000000000003	702.68	126.02	390	0
1962	10	12	2.13	609.06	42.74	390	0
1962	11	6.80000000000001	-1.81	406.65	119.53	390	0
1962	12	1.61000000000001	-6.37	296.9	104.12	390	0
1963	1	-2.82999999999998	-14.5	364.23	145.8	390	0
1963	2	2.91000000000003	-7.13	469.01	123.39	390	0
1963	3	5	-5.25	680.72	170.32	390	0
1963	4	10.99	0.520000000000039	748.21	111.04	390	0
1963	5	18.36	6.87	737.27	100.22	390	0
1963	6	22.85	11.85	751.3	154.89	390	0
1963	7	23.72	12.25	874.91	19.09	390	0
1963	8	24.22	13	817.28	35.37	390	0
1963	9	19.49	8.23000000000002	714.38	122.4	390	0
1963	10	11.18	2.51000000000005	468.03	114.97	390	0
1963	11	7.31	-1.19	417.26	118.32	390	0
1963	12	2.25	-6.95999999999998	339.97	168.79	390	0
1964	1	-3.57999999999998	-14.75	386.37	144.02	390	0
1964	2	-2.90999999999997	-14.83	561.79	50.44	390	0
1964	3	5.61000000000001	-4.10999999999996	673.04	67.37	390	0
1964	4	9.21000000000004	-0.21999999999997	755.29	69.17	390	0
1964	5	18.86	6.51000000000005	794.81	55.27	390	0
1964	6	22.76	11.81	807.25	39.17	390	0
1964	7	24.3	13.78	785.77	68.49	390	0
1964	8	24.56	12.78	824.33	56.2	390	0
1964	9	18.74	8.23000000000002	695.57	87.18	390	0
1964	10	12.54	2.23000000000002	611.89	22.33	390	0
1964	11	7.82000000000005	-1.44999999999999	429.14	176.77	390	0
1964	12	3.13	-4.53999999999996	353.47	133.93	390	0
1965	1	-1.31	-9.60999999999996	385.54	88.58	390	0
1965	2	-1.08999999999997	-12.72	505.31	229.76	390	0
1965	3	4.04000000000002	-6.31	669.51	76.46	390	0
1965	4	9.40000000000003	0.230000000000018	664.95	154.93	390	0
1965	5	21.19	8	879.02	56.84	390	0
1965	6	23.75	12.19	831.77	69.71	390	0
1965	7	25.7	14.27	829.11	86.89	390	0
1965	8	23.73	13.24	787.52	154.29	390	0
1965	9	21.14	9.79000000000002	689.73	144.74	390	0
1965	10	15.1	3.99000000000001	607.95	88.51	390	0
1965	11	8.39000000000004	-0.789999999999964	455.5	101.57	390	0
1965	12	3.66000000000003	-5.77999999999997	368.98	60.6	390	0
1966	1	-1.32999999999998	-11.92	458.14	49.65	390	0
1966	2	3.57000000000005	-6.71999999999997	532.67	70.17	390	0
1966	3	4.34000000000003	-6.65999999999997	686.91	79.51	390	0
1966	4	13.11	1.32000000000005	794.94	142.4	390	0
1966	5	17.5	6.93000000000001	691.61	109.53	390	0
1966	6	24.31	12.86	788.8	79.72	390	0
1966	7	25.8	14.85	835.32	86.66	390	0
1966	8	23.92	12.89	795.88	118.28	390	0
1966	9	19.68	9.28000000000003	640.96	207.84	390	0
1966	10	13.22	2.96000000000004	589.64	52.14	390	0
1966	11	4.65000000000003	-3.41999999999996	473.04	72.76	390	0
1966	12	3.21000000000004	-6.32999999999998	383.97	92	390	0
1967	1	-1.38999999999999	-11.28	417.59	100.34	390	0
1967	2	-2.45999999999998	-13.71	539.83	60.89	390	0
1967	3	3.03000000000003	-7.15999999999997	648.1	146.73	390	0
1967	4	13.51	1.51000000000005	770.97	57.19	390	0
1967	5	17.15	5.88	753.85	73.27	390	0
1967	6	21.77	9.96000000000004	849.07	131.89	390	0
1967	7	25.69	14.68	821.49	50.99	390	0
1967	8	24.41	13.37	816	39.72	390	0
1967	9	21.27	8.97000000000003	768.47	9.44	390	0
1967	10	14.43	3.98000000000002	577.46	82.72	390	0
1967	11	8.76000000000005	0.520000000000039	398.26	102.48	390	0
1967	12	3.37	-4.5	359.4	81.99	390	0
1968	1	-3.91999999999996	-15.39	395.83	139.95	390	0
1968	2	-0.42999999999995	-11.17	577.76	22.03	390	0
1968	3	3.23000000000002	-6.19	704.6	108.74	390	0
1968	4	10.49	0.189999999999998	750.83	150.5	390	0
1968	5	18.12	6.04000000000002	874.3	62.87	390	0
1968	6	23.1	10.87	901.46	39.49	390	0
1968	7	25.85	13.8	864.5	74.59	390	0
1968	8	23.81	13.23	803.38	93.82	390	0
1968	9	19.95	9.48000000000002	689.68	160.48	390	0
1968	10	11.98	2.91000000000003	502.55	174.84	390	0
1968	11	6.23000000000002	-2.07999999999998	409.63	161.46	390	0
1968	12	0.879999999999995	-9.75999999999999	376.39	102.84	390	0
1969	1	-2.97999999999996	-13.76	418.23	32.83	390	0
1969	2	0.260000000000048	-8.81999999999999	458.05	83.99	390	0
1969	3	3.24000000000001	-6.72999999999996	645.41	130.89	390	0
1969	4	11.11	0.379999999999995	781.41	85.49	390	0
1969	5	14.77	5.22000000000003	679.75	180.53	390	0
1969	6	21.3200000000001	9.78000000000003	881.21	47.61	390	0
1969	7	24.2	12.86	856.45	69.85	390	0
1969	8	22.28	12.39	798.29	55.56	390	0
1969	9	19.31	9.16000000000003	684.79	61.45	390	0
1969	10	13.21	2.77000000000004	602.1	54.7	390	0
1969	11	7	-1.67999999999995	451.74	187.26	390	0
1969	12	-0.979999999999961	-13.85	359.91	85.74	390	0
1970	1	-4.53999999999996	-15.71	394.62	130.85	390	0
1970	2	0.270000000000039	-9.56	515.61	144.55	390	0
1970	3	0.580000000000041	-10.16	700.23	83.59	390	0
1970	4	11.37	0.129999999999995	747.94	100.16	390	0
1970	5	16.58	6.29000000000002	713.54	135.71	390	0
1970	6	21.33	10.51	747.02	176.32	390	0
1970	7	25.03	13.84	814.68	111.01	390	0
1970	8	25.16	13.99	817.29	65.88	390	0
1970	9	20.0700000000001	9.91000000000003	668.37	134.06	390	0
1970	10	12.89	3.21000000000004	500.9	279.48	390	0
1970	11	7.04000000000002	-0.819999999999993	402.47	110.22	390	0
1970	12	0.840000000000032	-9.69999999999999	379.19	97.38	390	0
1971	1	-2.28999999999996	-12.45	420.97	32.32	390	0
1971	2	1.99000000000001	-7.26999999999998	499.06	71.89	390	0
1971	3	5.77000000000004	-4.38999999999999	750.8	75.1	390	0
1971	4	13.01	1.57000000000005	797.39	112.19	390	0
1971	5	17.04	5.66000000000003	860.04	79.48	390	0
1971	6	20.29	9.37	809.44	105.97	390	0
1971	7	24.79	13.97	779.94	87.42	390	0
1971	8	23	12.19	798.36	153.52	390	0
1971	9	19.51	7.99000000000001	735.22	131.51	390	0
1971	10	12.13	2.36000000000001	565.54	158.56	390	0
1971	11	8.94	-0.479999999999961	437.06	97.49	390	0
1971	12	1.99000000000001	-8	400.4	56.92	390	0
1972	1	-4.94999999999999	-15.72	430.06	74.16	390	0
1972	2	-1.5	-13.24	580.33	26.63	390	0
1972	3	6.45000000000005	-3.07999999999998	662.56	107.36	390	0
1972	4	9.64000000000004	-0.0699999999999932	733.01	183	390	0
1972	5	18.22	6.38	856.13	86.77	390	0
1972	6	22.92	10.86	848.85	90.43	390	0
1972	7	23.78	13.31	812.09	77.61	390	0
1972	8	25.38	14.03	840.58	75.11	390	0
1972	9	19.79	10.27	629.34	146.59	390	0
1972	10	13.58	3.29000000000002	587.02	28.43	390	0
1972	11	7.56	-1.44999999999999	463.71	59.9	390	0
1972	12	3.10000000000002	-5.69999999999999	368.85	118.26	390	0
1973	1	0.0300000000000296	-8.69999999999999	419.17	73.53	390	0
1973	2	0.860000000000014	-9.03999999999996	453.31	82.19	390	0
1973	3	4.93000000000001	-5.31999999999999	634.81	80.34	390	0
1973	4	13.16	2.34000000000003	629.4	189.23	390	0
1973	5	18.34	6.77000000000004	768.04	202.45	390	0
1973	6	21.02	10.09	799.5	117.52	390	0
1973	7	24.98	15	770.29	88.33	390	0
1973	8	25.61	14.42	776.69	63.52	390	0
1973	9	20.7	9.96000000000004	701.37	142.58	390	0
1973	10	11.06	1.99000000000001	509.07	137.14	390	0
1973	11	6.41000000000003	-2.58999999999997	414.82	162.29	390	0
1973	12	2.69	-6.88999999999999	325.86	101.42	390	0
1974	1	-2.28999999999996	-12.39	420.4	127.31	390	0
1974	2	1.92000000000002	-8.34999999999997	495.56	72.04	390	0
1974	3	4.41000000000003	-5.19999999999999	690.74	85.61	390	0
1974	4	12.85	1.30000000000001	752.68	80.24	390	0
1974	5	17.96	6.68000000000001	742.82	105.32	390	0
1974	6	20.76	9.88	787.45	125.16	390	0
1974	7	24.5700000000001	13.39	834.62	76.75	390	0
1974	8	23.76	13.38	734.04	109.48	390	0
1974	9	18.43	7.29000000000002	743.65	102.05	390	0
1974	10	11.47	2.12	526.44	85.43	390	0
1974	11	6.21000000000004	-2.14999999999998	416.3	146.8	390	0
1974	12	1.61000000000001	-6.69999999999999	346.5	139.22	390	0
1975	1	-2.32999999999998	-14.1	452.31	24.19	390	0
1975	2	0.54000000000002	-10.09	551.31	80.27	390	0
1975	3	7.69	-3.28999999999996	583.17	76.08	390	0
1975	4	11.1	0.360000000000014	786.84	113.94	390	0
1975	5	17.21	5.08000000000004	824.61	114.18	390	0
1975	6	22.18	11.44	775.31	119.59	390	0
1975	7	24.29	13.52	815.9	132.95	390	0
1975	8	23.37	13.1	760.33	198.87	390	0
1975	9	19.96	10.7	621.59	120.7	390	0
1975	10	14.49	3.76000000000005	561.04	114.02	390	0
1975	11	7.78000000000003	-1.75999999999999	458.2	81.13	390	0
1975	12	2.63	-7.06	361.47	108.65	390	0
1976	1	-2.48999999999995	-12.15	407.96	81.87	390	0
1976	2	-3.10999999999996	-13.71	535.18	16.04	390	0
1976	3	5.33000000000004	-4.87	669.26	56.06	390	0
1976	4	11.42	0.53000000000003	748.97	74.8	390	0
1976	5	16.33	5.59000000000003	758.24	110.74	390	0
1976	6	21.79	10.14	843.22	164.07	390	0
1976	7	24.73	13.6	839.32	99.84	390	0
1976	8	24.13	13.76	824.23	50.42	390	0
1976	9	18.94	8.35000000000002	737.33	91.62	390	0
1976	10	13.58	2.87	592.65	96.77	390	0
1976	11	8.87	0.200000000000045	417.95	191.64	390	0
1976	12	-0.789999999999964	-10.12	375.18	51.78	390	0
1977	1	-2.16999999999996	-11.31	403.04	104.74	390	0
1977	2	2.55000000000001	-7.91999999999996	446.95	140.83	390	0
1977	3	6.78000000000003	-3.72999999999996	711.08	72.11	390	0
1977	4	12.74	1.21000000000004	746.78	72.36	390	0
1977	5	18.39	6.38	762.59	126.69	390	0
1977	6	22.26	10.8	818.7	102.03	390	0
1977	7	23.81	12.8200000000001	845.54	123.25	390	0
1977	8	22.33	11.87	844.26	89.42	390	0
1977	9	21.48	10.69	706.05	62.67	390	0
1977	10	14.54	4.24000000000001	548.01	258.33	390	0
1977	11	7.61000000000001	-0.92999999999995	428.43	37.57	390	0
1977	12	2.27000000000004	-6.70999999999998	392.75	107.23	390	0
1978	1	-2.19	-12.62	407.94	87.6	390	0
1978	2	0.400000000000034	-10.1799999999999	556.33	44.24	390	0
1978	3	7.51000000000005	-1.83999999999997	618.38	139.37	390	0
1978	4	11.8	1.40000000000003	690.74	96.73	390	0
1978	5	19.19	7.88	688.16	156.63	390	0
1978	6	24.51	12.38	863.23	166.37	390	0
1978	7	25.28	14.19	806.87	121.75	390	0
1978	8	25.3200000000001	13.97	848.59	39.27	390	0
1978	9	20.83	9.34000000000003	732.41	83.27	390	0
1978	10	13.66	2.94	600.03	39.67	390	0
1978	11	6.13	-2.84999999999997	473.52	138.22	390	0
1978	12	3.13	-6.41999999999996	360.94	106.14	390	0
1979	1	-1.63	-11.07	386.06	165.09	390	0
1979	2	-5.19999999999999	-16.76	555.46	50.92	390	0
1979	3	3.07000000000005	-7.26999999999998	637.59	175.22	390	0
1979	4	10.58	0.390000000000043	694.52	156.25	390	0
1979	5	18.3200000000001	7.05000000000001	766.32	93.61	390	0
1979	6	22.01	11.33	770.45	108.34	390	0
1979	7	25.78	14.09	864.47	67.92	390	0
1979	8	23.54	13.19	736.27	111.54	390	0
1979	9	23.01	11.52	681.29	131.25	390	0
1979	10	13.86	4.59000000000003	489.14	115.31	390	0
1979	11	8.86000000000001	-0.239999999999952	472.4	112	390	0
1979	12	3.09000000000003	-6	321.19	208.18	390	0
1980	1	-0.159999999999968	-9.34999999999997	392.76	136.49	390	0
1980	2	0.960000000000036	-8.66999999999996	467.14	104.1	390	0
1980	3	5.26000000000005	-3.75	600.24	87.04	390	0
1980	4	11.05	0.460000000000036	718.7	105.95	390	0
1980	5	19.87	7.64000000000004	748.01	108.67	390	0
1980	6	22.84	12.79	731.97	76.07	390	0
1980	7	26.51	14.31	876.84	96.09	390	0
1980	8	25.53	14.36	819.8	67.42	390	0
1980	9	20.01	9.72000000000003	659.41	118.43	390	0
1980	10	12.97	3.21000000000004	545.28	137.63	390	0
1980	11	9.46000000000004	0.850000000000023	457.89	108.91	390	0
1980	12	3.03000000000003	-5.89999999999998	345.09	150.76	390	0
1981	1	-0.96999999999997	-9.83999999999997	376.04	126.15	390	0
1981	2	0.970000000000027	-10.03	508.1	92.26	390	0
1981	3	3.60000000000002	-6.81	617.47	151.55	390	0
1981	4	9.94	-0.67999999999995	791.29	44.92	390	0
1981	5	18.24	6.26000000000005	826.15	108.28	390	0
1981	6	23.53	11.59	868.34	72.94	390	0
1981	7	26.74	15.9	787.92	82.62	390	0
1981	8	26.51	14.45	803.13	69.62	390	0
1981	9	21.12	9.82000000000005	748	42.69	390	0
1981	10	12.18	2.39000000000004	558.88	111.15	390	0
1981	11	8.54000000000002	0.379999999999995	420.7	105.03	390	0
1981	12	5.06	-3.59999999999997	383.45	145.37	390	0
1982	1	1.46000000000004	-8.94	390.34	190.31	390	0
1982	2	-0.169999999999959	-12.26	511.41	50.17	390	0
1982	3	3.82000000000005	-5.5	706.21	64.31	390	0
1982	4	11.26	0.0500000000000114	794.18	49.31	390	0
1982	5	16.22	5.72000000000003	807.54	63.67	390	0
1982	6	24.14	11.47	898.73	48.32	390	0
1982	7	26.94	14.74	847.12	65.3	390	0
1982	8	25.61	14.88	717.44	120.9	390	0
1982	9	19.94	9.79000000000002	629.58	258.32	390	0
1982	10	14.14	4.28000000000003	585.65	34.1	390	0
1982	11	6.18000000000001	-2.60999999999996	423.75	156.32	390	0
1982	12	5.17000000000002	-4.03999999999996	380.35	30.37	390	0
1983	1	2.32000000000005	-6.26999999999998	358.42	111.73	390	0
1983	2	-2.15999999999997	-12.44	574.98	16.79	390	0
1983	3	4.78000000000003	-4.75999999999999	599.33	177.17	390	0
1983	4	11.78	0.850000000000023	729.81	189.37	390	0
1983	5	19.12	7.25	733.95	131.05	390	0
1983	6	21.02	9.97000000000003	819.09	102.59	390	0
1983	7	25.37	14.52	771.6	96.7	390	0
1983	8	23.44	12.8	792.48	100.64	390	0
1983	9	19.33	8.81	693.85	51.58	390	0
1983	10	14.45	4.04000000000002	603.19	45.22	390	0
1983	11	6.79000000000002	-1.17999999999995	424.88	179.89	390	0
1983	12	3.38	-3.96999999999997	342.74	171.5	390	0
1984	1	1.63	-6.08999999999997	380.53	120.88	390	0
1984	2	1.70000000000005	-7.76999999999998	551.59	83.16	390	0
1984	3	4.13	-4.67999999999995	621.4	202.42	390	0
1984	4	10.95	1.30000000000001	639.39	272.73	390	0
1984	5	16.35	5.5	785.88	44.57	390	0
1984	6	22.78	11.3	845.36	110.16	390	0
1984	7	25.0700000000001	14.11	776.7	87.43	390	0
1984	8	23.41	13.2	757.61	86.05	390	0
1984	9	21.13	10.26	703.4	111.41	390	0
1984	10	13.84	3.45000000000005	563.37	160.29	390	0
1984	11	8.42000000000002	0.350000000000023	410.34	239.04	390	0
1984	12	1.84000000000003	-7.81	363.09	118.58	390	0
1985	1	-2.03999999999996	-12.45	463.58	49.15	390	0
1985	2	3.07000000000005	-6.15999999999997	424.6	168.08	390	0
1985	3	5.19	-4.97999999999996	726.27	93.65	390	0
1985	4	8.91000000000003	-0.449999999999989	675.18	163.07	390	0
1985	5	19.08	7.01000000000005	801.66	52.62	390	0
1985	6	23.89	12.13	833.57	72.11	390	0
1985	7	26.7	15.22	841.28	51.58	390	0
1985	8	25.86	13.77	873.84	83.08	390	0
1985	9	21.18	10.33	665.22	204.51	390	0
1985	10	13.24	3.94	508.43	136.85	390	0
1985	11	5.75	-2.26999999999998	441.85	86.85	390	0
1985	12	2.79000000000002	-6.19	381.54	44.75	390	0
1986	1	-3.59999999999997	-15.05	431.25	72.49	390	0
1986	2	0.75	-9.79999999999995	498.66	123.36	390	0
1986	3	5.23000000000002	-4.84999999999997	665.28	74.25	390	0
1986	4	11.05	0.710000000000036	711.68	142.57	390	0
1986	5	18.51	7.24000000000001	728.58	88.22	390	0
1986	6	21.3	10.61	742.25	151.78	390	0
1986	7	26.31	15.34	809.16	100.11	390	0
1986	8	25	14.52	767.34	102.9	390	0
1986	9	18.74	8.71000000000004	708.01	97.29	390	0
1986	10	12.97	3.37	548.31	234.59	390	0
1986	11	6.12	-1.52999999999997	440.31	55.12	390	0
1986	12	0.120000000000005	-8.16999999999996	343.73	178.88	390	0
1987	1	-0.239999999999952	-8.5	389.13	103.22	390	0
1987	2	1.91000000000003	-7.19	434.25	131.34	390	0
1987	3	5.60000000000002	-4.40999999999997	668.55	85.69	390	0
1987	4	11.28	0.600000000000023	729.41	91.6	390	0
1987	5	18.4	6.22000000000003	790.65	138.57	390	0
1987	6	23.4	11.96	836.85	83.28	390	0
1987	7	25.92	14.79	826.87	116.87	390	0
1987	8	25.25	14.2	772.06	133.45	390	0
1987	9	19.8200000000001	9.5	652.54	69.71	390	0
1987	10	12.18	2.87	547.9	143.8	390	0
1987	11	7.82000000000005	-1.13	449.57	144.56	390	0
1987	12	2.23000000000002	-6.00999999999999	392.54	127.74	390	0
1988	1	1.68000000000001	-7	382.03	153.87	390	0
1988	2	1.70000000000005	-8.75	531.21	93.5	390	0
1988	3	5.10000000000002	-4.87	605.48	190.52	390	0
1988	4	13.76	2.47000000000003	717.06	182.26	390	0
1988	5	18.02	6.03000000000003	835.87	73.44	390	0
1988	6	25.28	12.54	855	99.13	390	0
1988	7	23.93	13.11	812.23	98.94	390	0
1988	8	24.78	13.6	830.43	79.56	390	0
1988	9	22.44	10.8200000000001	733.24	106.71	390	0
1988	10	14.15	3.16000000000003	631.09	41.31	390	0
1988	11	8.35000000000002	-0.96999999999997	469.36	40.72	390	0
1988	12	-0.0199999999999818	-9.96999999999997	371.76	96.32	390	0
1989	1	-4.01999999999998	-14.65	464.01	45.26	390	0
1989	2	2.75	-6.48999999999995	513.79	63.41	390	0
1989	3	9.57000000000005	-2.09999999999997	637.15	98.62	390	0
1989	4	11.04	0.350000000000023	784.48	96.76	390	0
1989	5	16.22	5.06	837.51	83.28	390	0
1989	6	22.71	11.26	811.78	46.91	390	0
1989	7	27.95	15.51	853.47	61.64	390	0
1989	8	26.69	14.61	851.81	56.69	390	0
1989	9	19.89	9.64000000000004	691.62	153.8	390	0
1989	10	15.69	5.11000000000001	580.14	48.23	390	0
1989	11	9.70000000000005	2.66000000000003	339.36	163.93	390	0
1989	12	3.77000000000004	-4.75	381.9	169.07	390	0
1990	1	1.43000000000001	-8.17999999999995	385.04	117.4	390	0
1990	2	1.28000000000003	-9	513.65	78.63	390	0
1990	3	5.71000000000004	-4.26999999999998	626.74	114.62	390	0
1990	4	10.18	-0.139999999999986	753.59	142.82	390	0
1990	5	16.04	5.55000000000001	702.12	184.95	390	0
1990	6	21.94	11.44	751.07	134.7	390	0
1990	7	25.9	14.69	826.32	60.78	390	0
1990	8	24.08	13.18	818.8	94.5	390	0
1990	9	19.47	9.64000000000004	684.23	42	390	0
1990	10	13	3.70000000000005	545.9	200.82	390	0
1990	11	6.29000000000002	-2.76999999999998	450.24	79.55	390	0
1990	12	2.12	-7.04999999999995	381.67	147.43	390	0
1991	1	-1.97999999999996	-11.72	409.53	80.68	390	0
1991	2	2.37	-7.13999999999999	430.49	132.6	390	0
1991	3	4.53000000000003	-5.60999999999996	673.99	133.73	390	0
1991	4	10.21	0.150000000000034	740.65	136	390	0
1991	5	18.72	7.02000000000004	753.56	99.34	390	0
1991	6	22.55	10.78	861.8	35.87	390	0
1991	7	25.93	14.53	858.97	81	390	0
1991	8	22.92	11.76	843.14	37.29	390	0
1991	9	20.42	9.31	740.31	75.89	390	0
1991	10	13.85	4.35000000000002	522.01	130.02	390	0
1991	11	7.29000000000002	-1.50999999999999	446.41	161.37	390	0
1991	12	3.61000000000001	-3.81	357.02	67.11	390	0
1992	1	-1.97999999999996	-11.74	413.77	57.21	390	0
1992	2	0.78000000000003	-9.33999999999997	540.67	74.97	390	0
1992	3	3.61000000000001	-6.17999999999995	725.2	64.7	390	0
1992	4	12.15	1.84000000000003	682.35	127.74	390	0
1992	5	16.74	5.91000000000003	734.43	87.06	390	0
1992	6	20.94	10.15	806.98	92.53	390	0
1992	7	24.05	13.3200000000001	823.64	52.96	390	0
1992	8	21.25	11.02	772.71	61.29	390	0
1992	9	20.48	10.66	660.09	192.3	390	0
1992	10	12.55	3.09000000000003	533.43	142.15	390	0
1992	11	7.03000000000003	-1.31999999999999	415.24	157.62	390	0
1992	12	3.12	-5.06999999999999	324.28	190.07	390	0
1993	1	-3.53999999999996	-12.11	413.78	60.38	390	0
1993	2	-0.159999999999968	-10.04	450.65	271.23	390	0
1993	3	6.31	-4.31999999999999	778.95	45.25	390	0
1993	4	14.93	3.15000000000003	697.09	120.87	390	0
1993	5	17.5	6.72000000000003	678.1	95.45	390	0
1993	6	22.94	11.15	848.53	86.74	390	0
1993	7	24.29	13.94	782.18	85.82	390	0
1993	8	25.61	15.05	820.08	49.01	390	0
1993	9	21.54	11.2	643.85	127.75	390	0
1993	10	14.39	4.57000000000005	531.22	87.64	390	0
1993	11	9.32000000000005	-0.339999999999975	468.13	191.35	390	0
1993	12	1.41000000000003	-8.27999999999997	380.33	76.52	390	0
1994	1	0.07000000000005	-9.87	409.08	51.04	390	0
1994	2	4.89000000000004	-4.69	566.61	33.75	390	0
1994	3	7.21000000000004	-3.06	669.12	95.35	390	0
1994	4	12.8200000000001	1.25	816.23	53.55	390	0
1994	5	18.67	6.16000000000003	875.55	67.12	390	0
1994	6	23.05	10.79	889.66	77.07	390	0
1994	7	25.3	14.88	760	123.46	390	0
1994	8	27.36	15.05	852.4	35.76	390	0
1994	9	19.6	8.99000000000001	726.52	58.06	390	0
1994	10	15.72	5.68000000000001	535.64	18.86	390	0
1994	11	9	-0.329999999999984	442.81	92.14	390	0
1994	12	1.64000000000004	-7.53999999999996	345.73	118.09	390	0
1995	1	3.26000000000005	-6.41999999999996	376.33	123.09	390	0
1995	2	4.08000000000004	-5.98999999999995	538.13	41.34	390	0
1995	3	8.30000000000001	-2.62	713.87	72.86	390	0
1995	4	11.86	0.629999999999995	770.7	53.96	390	0
1995	5	19.0700000000001	6.88	784.78	159.49	390	0
1995	6	22.93	11.86	751.18	198.83	390	0
1995	7	24.44	13.86	784.38	207.35	390	0
1995	8	23.64	13.16	739.48	114.44	390	0
1995	9	19.88	9.47000000000003	716.41	91.5	390	0
1995	10	13.74	3.82000000000005	522.95	122.08	390	0
1995	11	10.02	0.730000000000018	415.96	83.2	390	0
1995	12	-1.13999999999999	-10.36	424.69	37.16	390	0
1996	1	-1.60999999999996	-12.5	392.51	88.49	390	0
1996	2	2.56	-8.19999999999999	525.38	28.63	390	0
1996	3	4.70000000000005	-5	610.59	175.15	390	0
1996	4	13.56	1.21000000000004	782.82	80.09	390	0
1996	5	17.63	6.30000000000001	795.39	81.6	390	0
1996	6	22.26	11.7	742.92	206.92	390	0
1996	7	26.42	14.75	856.97	87.46	390	0
1996	8	25.5700000000001	14.27	834.9	87.39	390	0
1996	9	22.6	12.66	609.16	110.03	390	0
1996	10	13.8200000000001	4.19	573.5	125.14	390	0
1996	11	8.11000000000001	-1	387.11	96.22	390	0
1996	12	3.64000000000004	-4.78999999999996	323.44	132.17	390	0
1997	1	-0.699999999999989	-10.31	432.87	40.19	390	0
1997	2	-0.42999999999995	-9.38999999999999	526.44	26.52	390	0
1997	3	5.33000000000004	-4.53999999999996	666.48	148.01	390	0
1997	4	12.68	1.67000000000002	755.74	62.09	390	0
1997	5	20.13	8.26000000000005	782.56	56.22	390	0
1997	6	22.35	11.13	787.66	157.07	390	0
1997	7	25.03	14.87	783.8	59.6	390	0
1997	8	24.33	13.36	838	57.13	390	0
1997	9	19.85	9.85000000000002	680.39	121.22	390	0
1997	10	13.59	4.93000000000001	483.46	155.1	390	0
1997	11	6.19	-1.75999999999999	418.05	147.77	390	0
1997	12	2.05000000000001	-6.45999999999998	360.6	171.01	390	0
1998	1	-1.13999999999999	-10.34	405.53	159.83	390	0
1998	2	-2.96999999999997	-12.66	561.41	30.66	390	0
1998	3	6.42000000000002	-3.06	701.4	123.03	390	0
1998	4	10.76	0.710000000000036	710.81	80.25	390	0
1998	5	20.99	7.91000000000003	809.63	101.17	390	0
1998	6	24.15	11.64	860.1	93.33	390	0
1998	7	26.68	15.29	806.18	163.35	390	0
1998	8	25.37	13.92	812.63	81.19	390	0
1998	9	19.8	8.51000000000005	737.78	96.08	390	0
1998	10	15.48	5.14000000000004	598.21	62.41	390	0
1998	11	8.13	-0.370000000000005	422.81	144.96	390	0
1998	12	-0.329999999999984	-10.65	410.01	88.18	390	0
1999	1	-0.549999999999955	-10.21	425.6	75.06	390	0
1999	2	3.79000000000002	-5.37	474.05	64.92	390	0
1999	3	7.66000000000003	-3.34999999999997	716.25	62.8	390	0
1999	4	11.23	0.920000000000016	725.46	143.75	390	0
1999	5	17.11	5.91000000000003	795.78	70.88	390	0
1999	6	23.7	12.13	812.91	112.23	390	0
1999	7	26.2	16.27	794.24	85.52	390	0
1999	8	25.13	14.79	795.51	91.27	390	0
1999	9	20.88	9.84000000000003	687.24	121.91	390	0
1999	10	14.12	4.74000000000001	540.99	171.49	390	0
1999	11	7.52000000000004	-0.839999999999975	434.74	149.55	390	0
1999	12	3.30000000000001	-3.31	349.27	55.1	390	0
2000	1	1.35000000000002	-7.85999999999996	378.07	149.35	390	0
2000	2	0.330000000000041	-9.81	562.33	63.3	390	0
2000	3	5.14000000000004	-3.88	628.22	95.77	390	0
2000	4	12.53	1.62	751.53	78.13	390	0
2000	5	15.92	5.18000000000001	792.3	121.25	390	0
2000	6	22.78	12.28	741.89	158.36	390	0
2000	7	25.66	14.37	854.25	59.65	390	0
2000	8	24.66	14.01	814.94	41.25	390	0
2000	9	21.1	10.88	681.61	128.25	390	0
2000	10	14.02	4.43000000000001	568.28	108.93	390	0
2000	11	6.05000000000001	-1.45999999999998	424.92	161.37	390	0
2000	12	0.310000000000002	-8.57999999999998	365.49	104.81	390	0
2001	1	-3.04999999999995	-14.21	404.03	41.67	390	0
2001	2	0.0300000000000296	-9.69	477.47	114.98	390	0
2001	3	4.54000000000002	-4.90999999999997	632.45	75.25	390	0
2001	4	11.61	1.36000000000001	730.77	139.58	390	0
2001	5	17.3200000000001	6.39000000000004	836.48	136.49	390	0
2001	6	24.96	12.26	869.37	45.03	390	0
2001	7	27.14	17.08	789.05	54.46	390	0
2001	8	26.88	15.22	819.57	74	390	0
2001	9	20.69	9.51000000000005	767.51	49.63	390	0
2001	10	15.09	6.67000000000002	432.31	276.03	390	0
2001	11	11.71	1.72000000000003	416.69	168.89	390	0
2001	12	2.87	-4.70999999999998	367.23	57.89	390	0
2002	1	-0.899999999999977	-10.66	374.55	85.09	390	0
2002	2	0.0100000000000477	-10.54	547.91	57.72	390	0
2002	3	4.58000000000004	-5.59999999999997	774.39	61.6	390	0
2002	4	13.99	1.87	758.21	84.81	390	0
2002	5	16.71	6.11000000000001	781.39	156.08	390	0
2002	6	21.03	10.7	764.49	79.88	390	0
2002	7	26.88	15.55	842.54	50.74	390	0
2002	8	25	14.83	764.47	65.72	390	0
2002	9	20.5	10.16	686.11	177.32	390	0
2002	10	14.43	5.07000000000005	530.6	214.47	390	0
2002	11	8.56	-0.149999999999977	467.05	89.01	390	0
2002	12	3.31	-5.09999999999997	361.57	83.65	390	0
2003	1	-1.75999999999999	-13.14	425.4	92.88	390	0
2003	2	3.09000000000003	-6.69	527.49	116.85	390	0
2003	3	5.98000000000002	-4.10999999999996	708.98	105.17	390	0
2003	4	11.45	0.810000000000002	764.56	127.74	390	0
2003	5	19.09	7.33000000000004	740.69	133.09	390	0
2003	6	22.41	10.88	835.08	63.88	390	0
2003	7	24.93	14.41	802.35	122.58	390	0
2003	8	25.06	15.58	677.45	293.99	390	0
2003	9	22.04	11.02	710.68	53.63	390	0
2003	10	14.18	4.34000000000003	520.77	93.15	390	0
2003	11	7.65000000000003	0.240000000000009	378.87	122.27	390	0
2003	12	2.38	-6.03999999999996	405.52	60.04	390	0
2004	1	0.470000000000027	-8.17999999999995	378.48	203.4	390	0
2004	2	1.38	-7.20999999999998	453.95	82.57	390	0
2004	3	4.15000000000003	-4.38999999999999	608.8	97.97	390	0
2004	4	11.18	1.20000000000005	740.45	107.1	390	0
2004	5	19.67	7.19	823.21	36.83	390	0
2004	6	25.09	14.53	733.9	140.02	390	0
2004	7	25.23	14.41	797.42	87.57	390	0
2004	8	26.06	14.4	864.1	47.42	390	0
2004	9	19.12	9.15000000000003	691.06	117.95	390	0
2004	10	13.29	4.77000000000004	468.42	244.06	390	0
2004	11	8.57000000000005	0.0400000000000205	422.99	109.73	390	0
2004	12	1.24000000000001	-7.72999999999996	377.78	114.32	390	0
2005	1	0.54000000000002	-9.84999999999997	435.38	78.29	390	0
2005	2	1.17000000000002	-9.63	488.69	63.67	390	0
2005	3	8.22000000000003	-2.63	725.32	60.14	390	0
2005	4	13.26	2.07000000000005	757.47	85	390	0
2005	5	18.79	6.91000000000003	817.86	119.02	390	0
2005	6	24.35	11.86	885.08	149.8	390	0
2005	7	26.31	15.34	819.45	149.22	390	0
2005	8	26.59	15.15	845.01	62.07	390	0
2005	9	22.21	10.09	792.73	50.89	390	0
2005	10	15.61	5.31	527.02	164.89	390	0
2005	11	12.39	2.48000000000002	457.05	129.72	390	0
2005	12	1.16000000000003	-7.33999999999997	395.08	78.25	390	0
2006	1	0.950000000000045	-8.54999999999995	406.5	133.64	390	0
2006	2	-2.08999999999997	-12.76	530.38	85.97	390	0
2006	3	6.56	-2.94999999999999	688.06	67.76	390	0
2006	4	11.73	0.629999999999995	737.87	123.33	390	0
2006	5	20.02	7.33000000000004	816.68	99.75	390	0
2006	6	23.1	11.73	840.23	67.32	390	0
2006	7	25.18	14.83	778.8	145.31	390	0
2006	8	24.71	13.74	827.24	33.05	390	0
2006	9	22.4	10.78	745.95	81.65	390	0
2006	10	14.38	4.5	515.09	247.86	390	0
2006	11	6.52000000000004	-1.76999999999998	442.37	110.53	390	0
2006	12	3.48000000000002	-6.01999999999998	351.9	168.43	390	0
2007	1	1.37	-7.25999999999999	402.83	212.26	390	0
2007	2	2.43000000000001	-5.98999999999995	475.28	147.5	390	0
2007	3	4.67000000000002	-4.89999999999998	734.51	113.93	390	0
2007	4	12.42	1.96000000000004	681.55	261.27	390	0
2007	5	21.29	9.48000000000002	734.39	76.17	390	0
2007	6	24.7	11.75	931.77	60.11	390	0
2007	7	27.33	15.61	826.42	92.93	390	0
2007	8	27.93	15.2	875.23	87.43	390	0
2007	9	22.36	10.14	770.58	97.17	390	0
2007	10	15.9	5.38	582.88	86.88	390	0
2007	11	8.77000000000004	-1.03999999999996	478.31	70.45	390	0
2007	12	3.88	-5.06	359.71	109.11	390	0
2008	1	-2.67999999999995	-12.7	394.12	118.83	390	0
2008	2	-1.38999999999999	-11.49	569.27	32.71	390	0
2008	3	6.83000000000004	-3.08999999999997	641.87	120.54	390	0
2008	4	11.28	0.720000000000027	804.99	174.62	390	0
2008	5	18.21	6.38	852.6	36.47	390	0
2008	6	24.1	12.15	864.55	47.75	390	0
2008	7	25.89	14.84	852.74	65.55	390	0
2008	8	25.01	14.7	800.93	65.56	390	0
2008	9	20.36	9.55000000000001	734.11	166.58	390	0
2008	10	15.61	5.86000000000001	528.33	132.71	390	0
2008	11	12.14	2.29000000000002	422.31	137.98	390	0
2008	12	4.82000000000005	-5.01999999999998	377.32	60.28	390	0
2009	1	-1.21999999999997	-11.71	421.73	94.24	390	0
2009	2	1.14000000000004	-9.32999999999998	542.14	58.21	390	0
2009	3	3.73000000000002	-5.96999999999997	682.27	61.06	390	0
2009	4	12.0700000000001	1.48000000000002	750.62	144.95	390	0
2009	5	17.68	6.75	769.26	56.43	390	0
2009	6	23.71	12.52	819.79	96.17	390	0
2009	7	26.05	16.54	736.46	131.31	390	0
2009	8	26.56	14.65	868.81	44.44	390	0
2009	9	22.5	11.19	719.58	107.24	390	0
2009	10	15.36	5.44	578.6	66.38	390	0
2009	11	7.88	-0.45999999999998	475.24	154.65	390	0
2009	12	2.41000000000003	-6.00999999999999	427.85	30.92	390	0
2010	1	0.740000000000009	-7.87	378.08	96.66	390	0
2010	2	3.26000000000005	-6.17999999999995	539.04	75.06	390	0
2010	3	7.06	-1.65999999999997	678.78	86.24	390	0
2010	4	11.06	1.17000000000002	700.92	186.86	390	0
2010	5	18.03	7.67000000000002	669.75	145.39	390	0
2010	6	23.22	11.64	847.97	44.56	390	0
2010	7	26.76	15.39	852.38	68.26	390	0
2010	8	23.97	13.67	782.96	131.91	390	0
2010	9	20.18	10.05	703.41	140.61	390	0
2010	10	15.35	4.95000000000005	621.01	32.07	390	0
2010	11	8.30000000000001	-1.33999999999997	483.55	156.68	390	0
2010	12	2.71000000000004	-5.25	382.4	33.06	390	0
2011	1	3.52000000000004	-3.50999999999999	329.5	162.88	390	0
2011	2	0.680000000000007	-6.84999999999997	413.38	109.15	390	0
2011	3	6.95000000000005	-1.44	556.52	197.67	390	0
2011	4	13.6	2.61000000000001	687.89	177.4	390	0
2011	5	19.24	6.62	839.92	78.33	390	0
2011	6	25.22	13.75	820.97	89.13	390	0
2011	7	26.84	16.39	757.19	147.72	390	0
2011	8	26.3	15.17	803.22	67.39	390	0
2011	9	22.83	11.34	708.34	201.17	390	0
2011	10	16.0700000000001	5.38	634.99	98.28	390	0
2011	11	9.60000000000002	-0.129999999999995	513.29	59.88	390	0
2011	12	2.02000000000004	-7.14999999999998	397.42	46.39	390	0
2012	1	-1.06	-10.44	374.9	100.52	390	0
2012	2	-0.0399999999999636	-10.1799999999999	493.05	140.83	390	0
2012	3	9.13	-0.0799999999999841	641.49	145.56	390	0
2012	4	11.64	1.12	708.5	149.55	390	0
2012	5	16.28	5.89000000000004	733.84	236.21	390	0
2012	6	23.42	13.09	762.98	84.39	390	0
2012	7	26.2	16.33	759.55	92.65	390	0
2012	8	25.84	15.18	802.04	86.96	390	0
2012	9	20.47	10.19	717.33	123.28	390	0
2012	10	14.66	4.09000000000003	605.91	86.15	390	0
2012	11	9.14000000000004	0.360000000000014	470.93	79.28	390	0
2012	12	5.47000000000003	-3.71999999999997	354.92	108.07	390	0
2013	1	-1.65999999999997	-10.47	383.42	85.76	390	0
2013	2	1.81	-8.97999999999996	560.65	43.67	390	0
2013	3	7.44	-2.92999999999995	671.03	111.41	390	0
2013	4	10.8	0.960000000000036	726.74	116.36	390	0
2013	5	16.78	6.38	779.81	83.59	390	0
2013	6	23.71	11.72	831.04	141.63	390	0
2013	7	26.55	15.04	869.02	77.38	390	0
2013	8	25.01	14.76	798.51	57.76	390	0
2013	9	20.61	9.79000000000002	710.86	125.16	390	0
2013	10	14.66	3.64000000000004	607.26	60.77	390	0
2013	11	7.22000000000003	-0.310000000000002	415.01	136.51	390	0
2013	12	2.5	-6.41999999999996	333.77	122.98	390	0
2014	1	-1.13	-10.44	429.9	81.86	390	0
2014	2	0.370000000000005	-9.25999999999999	477.49	102.15	390	0
2014	3	7.11000000000001	-3.33999999999997	633.21	127.98	390	0
2014	4	14.16	2.52000000000004	796.54	80.49	390	0
2014	5	21.04	7.11000000000001	905.37	73.8	390	0
2014	6	23.41	12.3200000000001	766.86	140.95	390	0
2014	7	27.58	15.77	901.24	47.95	390	0
2014	8	25.56	15.24	731.6	112.21	390	0
2014	9	21.34	11.74	672.88	110.78	390	0
2014	10	13.55	3.10000000000002	638.25	62.61	390	0
2014	11	6.49000000000001	-1.31999999999999	385.29	143.17	390	0
2014	12	0.460000000000036	-8.51999999999998	387.64	62.19	390	0
2015	1	-3.04999999999995	-12.52	408.83	84.59	401.63	0
2015	2	-0.310000000000002	-11.01	563.87	45.22	402.55	0
2015	3	2.76000000000005	-6.32999999999998	640.79	182.91	403.53	0
2015	4	12.5700000000001	1.75	647.95	224.96	404.99	0
2015	5	17.18	6.87	705	136.98	405.53	0
2015	6	22.58	11.5700000000001	852.64	96.85	404.98	0
2015	7	25.89	15.12	785.38	84.52	403.46	0
2015	8	25.31	14.96	794.5	69.44	400.87	0
2015	9	21.91	12.47	635.8	206.13	399.87	0
2015	10	14.1	4.19	576.26	82	399.73	0
2015	11	8.61000000000001	-0.169999999999959	456.26	118.83	401.16	0
2015	12	3.65000000000003	-5.77999999999997	306.86	157.62	402.37	0
2016	1	-1.44	-11.04	399.09	80.4	404.33	0
2016	2	1.37	-9.41999999999996	512.94	43.39	405.25	0
2016	3	5.94	-4.97999999999996	697.27	190.82	406.23	0
2016	4	14.38	2.45000000000005	785.74	82.42	407.69	0
2016	5	18.18	7.10000000000002	742.51	115.37	408.23	0
2016	6	22.2	11.54	811.24	114.71	407.68	0
2016	7	26.91	15.53	840.8	107.92	406.16	0
2016	8	26.26	15.21	829.97	48.52	403.57	0
2016	9	21.03	9.95000000000005	704.24	88.06	402.57	0
2016	10	15.56	5.17000000000002	580.22	110.16	402.43	0
2016	11	7.42000000000002	-1.64999999999998	487.35	102.17	403.86	0
2016	12	-0.329999999999984	-10.49	404.35	25.08	405.07	0
2017	1	-3.41999999999996	-13.02	410.34	68.1	407.1	0
2017	2	0.180000000000007	-9.37	484.72	147.42	408.02	0
2017	3	2.32000000000005	-7.54999999999995	652.59	111.78	409	0
2017	4	14.04	2.56	695.56	72.9	410.46	0
2017	5	20.15	7.58000000000004	766.75	65.27	411	0
2017	6	24.88	13.06	835.86	58.52	410.45	0
2017	7	27	15.4	871.43	49.89	408.93	0
2017	8	26.35	15.13	825.12	113.72	406.34	0
2017	9	20.27	9.70000000000005	761.78	88.6	405.34	0
2017	10	14.53	4.89000000000004	542.09	104.99	405.2	0
2017	11	7.10000000000002	-1.23999999999995	456.89	88.8	406.63	0
2017	12	4.06	-3.75	336.37	133.45	407.84	0
2018	1	1.32000000000005	-7.81	392.24	183.59	409.93	0
2018	2	3.41000000000003	-6.14999999999998	510.66	47.06	410.85	0
2018	3	7.59000000000003	-0.939999999999998	553.79	182.96	411.83	0
2018	4	14.24	3.74000000000001	643.16	265.1	413.29	0
2018	5	23.1	9.77000000000004	793.96	66.02	413.83	0
2018	6	23.94	12.11	834.94	142.85	413.28	0
2018	7	27.78	17.12	761.55	118.31	411.76	0
2018	8	26.56	15.55	788.56	112.29	409.17	0
2018	9	20.65	9.97000000000003	721.04	140.21	408.17	0
2018	10	15.95	4.66000000000003	595.54	169.13	408.03	0
2018	11	7.51000000000005	-1.45999999999998	444.47	69.57	409.46	0
2018	12	3.33000000000004	-5.34999999999997	346.83	107.55	410.67	0
2019	1	1.65000000000003	-7.85999999999996	342.67	140.28	412.82	0
2019	2	1.16000000000003	-9.19999999999999	484.16	151.27	413.74	0
2019	3	7.99000000000001	-1.85999999999996	731.42	68.67	414.72	0
2019	4	11.3200000000001	0.470000000000027	784.06	112.11	416.18	0
2019	5	18.48	7.47000000000003	719.89	157.5	416.72	0
2019	6	22.75	12.61	700.73	178.75	416.17	0
2019	7	26.91	16.06	769.72	160.83	414.65	0
2019	8	25.61	15	824.17	99.14	412.06	0
2019	9	21.13	10.43	733.54	81.47	411.06	0
2019	10	15.13	5.01000000000005	535.45	78.21	410.92	0
2019	11	11.09	1.41000000000003	491.06	111.42	412.35	0
2019	12	6.40000000000003	-2.65999999999997	352.15	70.8	413.56	0
2020	1	0.100000000000023	-11.12	404.49	138.93	415.78	0
2020	2	3.14000000000004	-7.39999999999998	537.72	73.28	416.7	0
2020	3	6.16000000000003	-3.64999999999998	643.49	198.87	417.68	0
2020	4	10.8	0.830000000000041	790.22	70	419.14	0
2020	5	17.5	6.65000000000003	749.52	86.47	419.68	0
2020	6	24.34	13.3	793.61	103.9	419.13	0
2020	7	28.19	16.16	872.22	51.12	417.61	0
2020	8	26.3	15.3200000000001	816.39	66.73	415.02	0
2020	9	21.54	10.81	703.59	87.11	414.02	0
2020	10	13.99	4.92000000000002	541.55	88.31	413.88	0
2020	11	7.38	-1.44	471.34	130.86	415.31	0
2020	12	5.83000000000004	-3.19	385.93	127.49	416.52	0
2021	1	1.18000000000001	-8.67999999999995	364.78	140.08	418.8	0
2021	2	2.51000000000005	-7.65999999999997	510.11	91.13	419.72	0
2021	3	5.45000000000005	-4.12	628.72	175.21	420.7	0
2021	4	11.34	1.15000000000003	765.46	154.31	422.16	0
2021	5	18.15	7.40000000000003	773.97	113.39	422.7	0
2021	6	24.27	12.95	818.21	97.54	422.15	0
2021	7	27.86	15.31	902.05	79.88	420.63	0
2021	8	27.28	15.05	846.06	67.93	418.04	0
2021	9	20.66	10.46	699.06	96.38	417.04	0
2021	10	15.45	5.82000000000005	544.68	134.94	416.9	0
2021	11	9.15000000000003	0.360000000000014	450.85	210.73	418.33	0
2021	12	4.78000000000003	-1.69999999999999	303.91	222.21	419.54	0
2022	1	-0.92999999999995	-10.84	402.39	64.5	421.86	0
2022	2	-0.71999999999997	-10.81	533.52	89.6	422.78	0
2022	3	5.5	-3.38	652.1	212.28	423.76	0
2022	4	12.55	1.57000000000005	799.35	45.19	425.22	0
2022	5	20.61	8.65000000000003	753.49	99.81	425.76	0
2022	6	24.0700000000001	12.84	833.53	93.23	425.21	0
2022	7	28.05	16.25	851.85	53.12	423.69	0
2022	8	26.42	15.84	785.81	77.33	421.1	0
2022	9	21.97	11.88	680.49	95.45	420.1	0
2022	10	13.48	3.30000000000001	599.39	103.73	419.96	0
2022	11	7.78000000000003	-0.0299999999999727	437.54	107.36	421.39	0
2022	12	4.40000000000003	-3.84999999999997	391.38	134.38	422.6	0
2023	1	2.31	-6.26999999999998	412.41	50.96	424.99	0
2023	2	2.38	-6.76999999999998	500.33	60.72	425.91	0
2023	3	7.85000000000002	-2.84999999999997	720.46	71.58	426.89	0
2023	4	11.39	0.25	801.54	64.13	428.35	0
2023	5	18.06	6.71000000000004	814.07	71.14	428.89	0
2023	6	20.39	11.19	712.25	175.32	428.34	0
2023	7	27	15.43	865.38	87.49	426.82	0
2023	8	25.6	14.96	793.84	98.26	424.23	0
2023	9	21.83	11.08	702.43	138.25	423.23	0
2023	10	16.74	7.60000000000002	498.93	164.98	423.09	0
2023	11	6.60000000000002	-0.669999999999959	410.59	170.07	424.52	0
2023	12	3.98000000000002	-3.96999999999997	370.3	185.93	425.73	0
2024	1	0.410000000000025	-9.21999999999997	424.25	92.38	428.2	0
2024	2	3.45000000000005	-6.77999999999997	473.9	67.93	429.12	0
2024	3	7.21000000000004	-2.32999999999998	575.27	158.57	430.1	0
2024	4	13.31	2.47000000000003	736.46	111.64	431.56	0
2024	5	18.38	7.18000000000001	768.73	104.21	432.1	0
2024	6	21.63	9.99000000000001	846.87	135.85	431.55	0
2024	7	25.56	15.67	761.36	112.62	430.03	0
2024	8	26.63	15.19	837.42	90.56	427.44	0
2024	9	22.77	12.8	647.37	233.5	426.44	0
2024	10	16.84	6.35000000000002	563.92	90.96	426.3	0
2024	11	8.60000000000002	-0.489999999999952	447.49	157.49	427.73	0
2024	12	3.25	-6.53999999999996	372.89	217.77	428.94	0
2025	1	-2.08999999999997	-10.61	373.66	63.55	431.47	0
2025	2	4.31	-4.77999999999997	447.87	134.73	432.39	0
2025	3	8.87	-1.47999999999996	683.58	42.42	433.37	0
2025	4	12.44	2.04000000000002	714.21	225.37	434.83	0
2025	5	21.12	8.07000000000005	846.85	82.42	435.37	0
2025	6	23.16	11.7	815.09	175.66	434.82	0
2025	7	27.08	17.46	784.57	99.96	433.3	0
2025	8	28.59	16.29	811.95	182.99	430.71	0
2025	9	23	12.79	674.53	79.15	429.71	0
2025	10	15.35	4.78000000000003	578.11	97.07	429.57	0
2025	11	5.83000000000004	-1.92999999999995	424.08	122.85	431	0
2025	12	3.31	-4.94	343.26	203.12	432.21	0
2026	1	0.890000000000043	-7.41999999999996	350.78	177.78	434.83	0
2026	2	3.16000000000003	-6.48999999999995	521.87	81.23	435.75	0
2026	3	9.53000000000003	-0.549999999999955	609.2	113.75	436.73	0
2026	4	13.31	1.37	789.98	88.21	438.19	0
2026	5	20.26	8.07000000000005	821.5	71.66	438.73	0
2026	6	25.4	12.91	872.83	68.21	438.18	0
2026	7	27.48	16.8	793.05	82.18	436.66	0
2026	8	25.83	16.12	770.38	98.07	434.07	0
2026	9	22.8200000000001	11.83	756.93	19.88	433.07	0
2026	10	15.21	5.16000000000003	579.21	91.72	432.93	0
2026	11	8.38	-0.639999999999986	471.52	124.71	434.36	0
2026	12	3.87	-4.07999999999998	381.12	48.12	435.57	0
2027	1	1.52000000000004	-8.82999999999998	426.09	136.06	438.24	0
2027	2	4.34000000000003	-5.81999999999999	424.32	94.47	439.16	0
2027	3	5.73000000000002	-4.00999999999999	677.04	59.7	440.14	0
2027	4	11.41	0.830000000000041	749.3	150.15	441.6	0
2027	5	17.97	7.26000000000005	740.58	141.39	442.14	0
2027	6	22.75	11.83	814.24	160.54	441.59	0
2027	7	27.18	15.17	898.53	88.76	440.07	0
2027	8	26.74	15.4	828.67	119.47	437.48	0
2027	9	22.2	11.3	735.18	70.08	436.48	0
2027	10	15.95	5.40000000000003	580.53	59.4	436.34	0
2027	11	7.70000000000005	-1.15999999999997	441.21	49.45	437.77	0
2027	12	2.39000000000004	-6.42999999999995	366.52	84.85	438.98	0
2028	1	1.56	-9.15999999999997	442.4	65.25	441.72	0
2028	2	5.23000000000002	-5.51999999999998	446.05	94.4	442.64	0
2028	3	7.03000000000003	-3.94	738.19	82.06	443.62	0
2028	4	12.73	1.53000000000003	745.29	127.87	445.08	0
2028	5	23.34	11.48	900.47	40.64	445.62	0
2028	6	26.56	15.06	841.59	47.62	445.07	0
2028	7	27.55	14.87	789.19	132.62	443.55	0
2028	8	22.29	12.03	579.58	167.22	440.96	0
2028	9	15.68	4.54000000000002	542.06	116.89	439.96	0
2028	10	8.37	0.57000000000005	418.51	117.77	439.82	0
2028	11	1.76000000000005	-6.72999999999996	353.59	40.22	441.25	0
2028	12	2.70000000000005	-5.47999999999996	384.08	109.11	442.46	0
2029	1	2.54000000000002	-7.04999999999995	640.35	55.66	445.25	0
2029	2	6.51000000000005	-2.53999999999996	713.99	171.41	446.17	0
2029	3	14.44	3.08000000000004	875.16	211.31	447.15	0
2029	4	20.54	8.51000000000005	836.04	60.79	448.61	0
2029	5	24.27	11.76	931.11	70.5	449.15	0
2029	6	26.7	15.63	747.08	104.78	448.6	0
2029	7	26.5700000000001	15.26	757.88	116.21	447.08	0
2029	8	22.02	11.1	656.27	114.65	444.49	0
2029	9	13.72	4.32000000000005	513.9	105.86	443.49	0
2029	10	6.68000000000001	-0.509999999999991	336.38	141.29	443.35	0
2029	11	2.82000000000005	-5.06999999999999	342.66	83.54	444.78	0
2029	12	-0.0299999999999727	-9.19	392.06	152.44	445.99	0
2030	1	2.82000000000005	-8.28999999999996	539.48	80.81	448.83	0
2030	2	5.85000000000002	-3.47999999999996	780.85	64.79	449.75	0
2030	3	13.52	2.84000000000003	788.88	193.39	450.73	0
2030	4	16.4	5.68000000000001	878	54.18	452.19	0
2030	5	24.63	12.93	873.9	81.82	452.73	0
2030	6	27.52	15.5700000000001	855.23	73.86	452.18	0
2030	7	28.38	16.69	773.93	80.72	450.66	0
2030	8	21.24	11.3	610.02	95.64	448.07	0
2030	9	16.71	5.26000000000005	527.62	65.52	447.07	0
2030	10	6.51000000000005	-2.69	388.64	122.3	446.93	0
2030	11	0.0900000000000318	-8.08999999999997	360.61	30.19	448.36	0
2030	12	2.59000000000003	-5.87	440.37	48.44	449.57	0
2031	1	3.40000000000003	-6.39999999999998	542.57	170.32	452.47	0
2031	2	5.96000000000004	-3.63999999999999	803.1	69.38	453.39	0
2031	3	12.97	2.27000000000004	846.85	169.75	454.37	0
2031	4	19.19	7.59000000000003	850.53	80.24	455.83	0
2031	5	24.35	13.3200000000001	836.47	102.21	456.37	0
2031	6	25.95	16.09	700.98	218.53	455.82	0
2031	7	25.98	15.7	742.46	55.55	454.3	0
2031	8	20.7	10.22	626.89	221.09	451.71	0
2031	9	11.58	3.37	440.42	195.81	450.71	0
2031	10	7.59000000000003	-0.819999999999993	384.71	147.49	450.57	0
2031	11	2.92000000000002	-4.38999999999999	341.28	91.22	452	0
2031	12	-0.529999999999973	-11.02	443.81	102.54	453.21	0
2032	1	1.96000000000004	-8.57999999999998	552.23	172.48	456.18	0
2032	2	9.14000000000004	-1.17999999999995	779.27	38.94	457.1	0
2032	3	11.76	0.930000000000007	810.44	127.39	458.08	0
2032	4	20.06	7.88	886.36	73.97	459.54	0
2032	5	26.66	13.81	934.83	43.87	460.08	0
2032	6	29.58	17.67	813.66	80.39	459.53	0
2032	7	25.8200000000001	16.12	660.65	77.43	458.01	0
2032	8	25.71	14.12	642.2	36.22	455.42	0
2032	9	15.98	6.70000000000005	416.7	273.23	454.42	0
2032	10	11.12	2.01000000000005	374.52	184.31	454.28	0
2032	11	6.33000000000004	-2.57999999999998	332.53	127.43	455.71	0
2032	12	-0.939999999999998	-11.77	429.2	158.67	456.92	0
2033	1	1.30000000000001	-9.26999999999998	608.41	101.88	459.96	0
2033	2	5.25	-4.95999999999998	771.17	150.3	460.88	0
2033	3	14.84	3.03000000000003	854.17	107.27	461.86	0
2033	4	18.55	7.54000000000002	794.45	156.16	463.32	0
2033	5	24.58	11.8	941.87	56.4	463.86	0
2033	6	26.85	16.06	818.92	65.15	463.31	0
2033	7	26.06	14.1	819.19	63.36	461.79	0
2033	8	21.06	10.41	626.66	113.37	459.2	0
2033	9	16.17	5.74000000000001	491.7	93.48	458.2	0
2033	10	9.30000000000001	0.920000000000016	323.36	165.63	458.06	0
2033	11	4.57000000000005	-2.87	337.48	65.54	459.49	0
2033	12	2.06	-6.87	425.34	111.05	460.7	0
2034	1	2.03000000000003	-8.81999999999999	589.76	107.21	463.85	0
2034	2	6.01000000000005	-3.77999999999997	733.78	126.66	464.77	0
2034	3	15.13	3.71000000000004	848.07	156.59	465.75	0
2034	4	19.76	8.07000000000005	872.88	85.91	467.21	0
2034	5	24.09	13.14	800.34	142.77	467.75	0
2034	6	26.46	16	781.98	113.79	467.2	0
2034	7	25.91	16.46	637.84	201.2	465.68	0
2034	8	20.86	10.65	655.97	41.14	463.09	0
2034	9	14.46	4.89000000000004	482.61	108.23	462.09	0
2034	10	6.95000000000005	-0.899999999999977	422.72	72.12	461.95	0
2034	11	5.66000000000003	-2.92999999999995	331.05	119.1	463.38	0
2034	12	2.25	-6.69	404.49	92.53	464.59	0
2035	1	2.86000000000001	-8.33999999999997	651.93	19.74	467.85	0
2035	2	6.03000000000003	-3.63	796.41	55.78	468.77	0
2035	3	12.89	1.89000000000004	885.22	131.33	469.75	0
2035	4	20.0700000000001	7.70000000000005	906.5	98.23	471.21	0
2035	5	24.81	14.3200000000001	750.48	75.82	471.75	0
2035	6	28.47	16.49	823.96	66.46	471.2	0
2035	7	28.53	17.12	740.01	75.83	469.68	0
2035	8	22.2	11.46	649.58	52.91	467.09	0
2035	9	16.27	5.78000000000003	502.79	81.94	466.09	0
2035	10	11.79	2.63	397.73	99.5	465.95	0
2035	11	4.03000000000003	-4.45999999999998	326.3	93.23	467.38	0
2035	12	-0.310000000000002	-10.1799999999999	479.03	76.64	468.59	0
2036	1	3.90000000000003	-6.45999999999998	553.35	220.76	471.96	0
2036	2	4.48000000000002	-6.33999999999997	788.62	51.55	472.88	0
2036	3	12.77	2.34000000000003	844.88	105.67	473.86	0
2036	4	19.93	7.91000000000003	836.94	75.52	475.32	0
2036	5	23.16	12.64	848.45	115.89	475.86	0
2036	6	26.05	15.8	719.16	124.17	475.31	0
2036	7	26.69	16.8200000000001	679.4	97.27	473.79	0
2036	8	21.11	11.75	571.5	144.08	471.2	0
2036	9	15.05	4.56	541.53	44.71	470.2	0
2036	10	9.18000000000001	0.680000000000007	391.52	60.63	470.06	0
2036	11	5.05000000000001	-2.14999999999998	314.13	69.46	471.49	0
2036	12	1.62	-6.53999999999996	374.07	150.58	472.7	0
2037	1	-0.17999999999995	-11.25	604.77	66.04	476.18	0
2037	2	5.95000000000005	-5.21999999999997	781.59	201.76	477.1	0
2037	3	13.48	2.23000000000002	870.14	98.41	478.08	0
2037	4	20.7	8.55000000000001	843.29	68.04	479.54	0
2037	5	25.36	12.39	920.19	52.27	480.08	0
2037	6	25.38	14.38	824.55	112.18	479.53	0
2037	7	26.88	15.8	753.55	100.31	478.01	0
2037	8	22.06	12.0700000000001	664.58	27.9	475.42	0
2037	9	15.26	5.45000000000005	454.31	146.39	474.42	0
2037	10	9.95000000000005	1.03000000000003	368.72	149.33	474.28	0
2037	11	3.25	-4.82999999999998	276.44	274.47	475.71	0
2037	12	-0.199999999999989	-9.47999999999996	441.82	121.06	476.92	0
2038	1	1.92000000000002	-7.70999999999998	539.35	170	480.51	0
2038	2	8.33000000000004	-0.479999999999961	716.65	131.45	481.43	0
2038	3	12.27	2.20000000000005	826.03	196.88	482.41	0
2038	4	18.7	7.01000000000005	866.3	121.32	483.87	0
2038	5	24.6	12.85	862.54	114.27	484.41	0
2038	6	28.85	16	897.28	68.76	483.86	0
2038	7	25.95	15.85	720.79	90.7	482.34	0
2038	8	19.54	9.63	611.25	110.63	479.75	0
2038	9	16.28	6.02000000000004	477.1	125.55	478.75	0
2038	10	7.5	-0.20999999999998	355.73	159.14	478.61	0
2038	11	2.64000000000004	-5.50999999999999	353.17	95.61	480.04	0
2038	12	-1.75999999999999	-11.78	417.57	102.25	481.25	0
2039	1	1.01000000000005	-9.95999999999998	635.76	99.19	484.93	0
2039	2	7.18000000000001	-3.09999999999997	836.35	92.63	485.85	0
2039	3	12.87	2.09000000000003	839.06	104.42	486.83	0
2039	4	17.31	6.69	868.3	170.25	488.29	0
2039	5	22.8	12.1	833.98	140.34	488.83	0
2039	6	27.01	15.8	809.63	81.71	488.28	0
2039	7	25.29	15.48	721.9	102.84	486.76	0
2039	8	21.58	12.2	605.94	187.21	484.17	0
2039	9	15.14	5.17000000000002	495.39	144.2	483.17	0
2039	10	8.09000000000003	-0.529999999999973	348.85	274.38	483.03	0
2039	11	4.05000000000001	-4.13	337.46	107.31	484.46	0
2039	12	-1.07999999999998	-10.97	387.98	186.96	485.67	0
2040	1	2.75	-6.56999999999999	529.27	108.51	489.44	0
2040	2	6.70000000000005	-2.50999999999999	731.11	124.74	490.36	0
2040	3	13.13	2.35000000000002	831.96	84.72	491.34	0
2040	4	18.37	8.20000000000005	775.01	144.93	492.8	0
2040	5	24.31	12.41	867.04	187.61	493.34	0
2040	6	28.7	16.78	830.21	77.75	492.79	0
2040	7	26.86	16.36	687.38	184.93	491.27	0
2040	8	23.76	12.31	676.35	71.93	488.68	0
2040	9	17.15	6.28000000000003	541.8	52.7	487.68	0
2040	10	10.1	1.62	327.45	216.34	487.54	0
2040	11	2.42000000000002	-5.19999999999999	342.91	129.27	488.97	0
2040	12	-0.92999999999995	-10.11	467.78	59.93	490.18	0
2041	1	3.82000000000005	-7.64999999999998	599.63	123.8	494.03	0
2041	2	10.94	0.730000000000018	685.24	120.57	494.95	0
2041	3	12.64	1.33000000000004	857.59	136.02	495.93	0
2041	4	20.79	7.97000000000003	947.33	55.24	497.39	0
2041	5	24.4	13.06	868.18	59.26	497.93	0
2041	6	27.25	15.2	868.25	66.8	497.38	0
2041	7	28.12	16.41	786.01	50.1	495.86	0
2041	8	21.94	12	619.7	166.01	493.27	0
2041	9	14.36	4.79000000000002	507.65	142.45	492.27	0
2041	10	8.05000000000001	1.06	356.26	155.13	492.13	0
2041	11	2.56	-6.07999999999998	336.39	167.31	493.56	0
2041	12	1.22000000000003	-7.88	432.4	74.24	494.77	0
2042	1	2.90000000000003	-6.45999999999998	537.86	146.25	498.73	0
2042	2	6.88	-2.77999999999997	673.55	112.8	499.65	0
2042	3	12.17	2.54000000000002	681.4	282.06	500.63	0
2042	4	19.83	7.94	854.13	135.02	502.09	0
2042	5	23.18	12.78	784.8	142.89	502.63	0
2042	6	27.11	17.44	704.5	103.16	502.08	0
2042	7	26.29	15.06	787.44	83.74	500.56	0
2042	8	23.66	13.53	570.23	193.92	497.97	0
2042	9	16.71	6.72000000000003	479.65	82.01	496.97	0
2042	10	10.5700000000001	1.70000000000005	341.07	227.12	496.83	0
2042	11	3.63	-4.66999999999996	322.95	196.25	498.26	0
2042	12	-0.879999999999995	-10.6	458.34	110.59	499.47	0
2043	1	-0.329999999999984	-10.95	555.92	108.19	503.53	0
2043	2	2.81	-6.56	736.09	208.97	504.45	0
2043	3	13.48	2.09000000000003	899.65	80.14	505.43	0
2043	4	20.23	8.69	868.53	49.08	506.89	0
2043	5	23.12	13.12	776.14	162.81	507.43	0
2043	6	29.04	16.63	865.67	102	506.88	0
2043	7	26.76	15.38	787.78	43.57	505.36	0
2043	8	21.42	10.88	626.23	147.96	502.77	0
2043	9	16.23	5.43000000000001	507.17	29.83	501.77	0
2043	10	11.08	2.28000000000003	372.7	160.36	501.63	0
2043	11	3.84000000000003	-4.89999999999998	320.81	107.21	503.06	0
2043	12	-1.56999999999999	-11.11	448.36	129.17	504.27	0
2044	1	0.920000000000016	-9.70999999999998	576.22	80.9	508.43	0
2044	2	8.13	-1.28999999999996	767.19	111.03	509.35	0
2044	3	13.11	2.41000000000003	786.76	194.14	510.33	0
2044	4	20.85	8.13	928.85	61.51	511.79	0
2044	5	24.51	12.01	932.29	149.79	512.33	0
2044	6	29.84	18.11	819.94	43.26	511.78	0
2044	7	27.49	16.01	781.64	55.02	510.26	0
2044	8	21.94	10.34	702.3	70.59	507.67	0
2044	9	13.73	3.95000000000005	532.24	113.03	506.67	0
2044	10	9.22000000000003	0.350000000000023	401.86	106.87	506.53	0
2044	11	2.11000000000001	-7.02999999999997	322.69	138.08	507.96	0
2044	12	1.20000000000005	-8.42999999999995	448.14	103.15	509.17	0
2045	1	2.48000000000002	-7.39999999999998	630.65	46.25	513.46	0
2045	2	7.66000000000003	-1.42999999999995	738.05	98.23	514.38	0
2045	3	16.21	3.84000000000003	854.66	76.28	515.36	0
2045	4	21.24	8.22000000000003	963.14	76.72	516.82	0
2045	5	26.11	14.15	919.15	101.01	517.36	0
2045	6	28.47	16.85	830.05	77.06	516.81	0
2045	7	28.17	15.73	823.01	57.31	515.29	0
2045	8	21.34	10.16	707.38	105.23	512.7	0
2045	9	13.37	4.48000000000002	486.55	147.23	511.7	0
2045	10	7.81	-0.0299999999999727	361.38	159.99	511.56	0
2045	11	5.66000000000003	-2.38	331.69	191.01	512.99	0
2045	12	1.5	-6.35999999999996	446.15	43.37	514.2	0
2046	1	4.51000000000005	-4.79999999999995	565.01	77.89	518.61	0
2046	2	6.99000000000001	-1.70999999999998	633.33	243.22	519.53	0
2046	3	14.3200000000001	3.60000000000002	834.11	126.23	520.51	0
2046	4	18.7	6.86000000000001	904.98	54.28	521.97	0
2046	5	25.49	13.08	920.52	71.77	522.51	0
2046	6	28.83	17.25	823.16	40.78	521.96	0
2046	7	26.34	16.09	714.51	167.98	520.44	0
2046	8	22.87	12.11	647.2	55.04	517.85	0
2046	9	14.34	4.81	480.65	127.03	516.85	0
2046	10	6.58000000000004	-2.07999999999998	400.05	97.68	516.71	0
2046	11	5.43000000000001	-3.27999999999997	315.45	208.6	518.14	0
2046	12	-1.40999999999997	-11.08	447.93	92.68	519.35	0
2047	1	1.82000000000005	-8.87	636.18	57.37	523.9	0
2047	2	4.85000000000002	-5.10999999999996	768.44	220.89	524.82	0
2047	3	14.45	2.78000000000003	930.34	81.69	525.8	0
2047	4	21.89	8.43000000000001	968.29	29.22	527.26	0
2047	5	24.81	12.72	916.06	79.57	527.8	0
2047	6	27.46	15.91	844.87	66.97	527.25	0
2047	7	26.77	15.85	723.58	118.06	525.73	0
2047	8	20.86	10.77	674.38	140.85	523.14	0
2047	9	17.55	7.24000000000001	495.69	91.8	522.14	0
2047	10	10.3	1.45000000000005	383.06	120.17	522	0
2047	11	5.34000000000003	-3.56999999999999	344.46	124.45	523.43	0
2047	12	0.240000000000009	-9.22999999999996	450.6	156.82	524.64	0
2048	1	5.07000000000005	-4.50999999999999	605.91	22.8	529.32	0
2048	2	5.89000000000004	-3.70999999999998	751.67	71.57	530.24	0
2048	3	13.4	2.72000000000003	879.01	114.99	531.22	0
2048	4	19.34	7.42000000000002	919.69	82.17	532.68	0
2048	5	21.97	10.87	871.7	91.28	533.22	0
2048	6	26.87	16.0700000000001	774.05	199.25	532.67	0
2048	7	27.14	16.53	747.51	117.57	531.15	0
2048	8	22.95	11.21	707.7	41.15	528.56	0
2048	9	16.75	6.31	492.43	109.5	527.56	0
2048	10	10.75	1.83000000000004	376.64	151.09	527.42	0
2048	11	4.88	-4.75999999999999	338.26	111.42	528.85	0
2048	12	2.52000000000004	-6.85999999999996	428.59	112.12	530.06	0
2049	1	0.900000000000034	-9.04999999999995	556.39	109.17	534.88	0
2049	2	8.20000000000005	-0.659999999999968	584.79	101.75	535.8	0
2049	3	14.8200000000001	3.63	884.27	128.33	536.78	0
2049	4	19.77	7.38	874.24	71.63	538.24	0
2049	5	23.84	12.34	887.97	94.17	538.78	0
2049	6	26.3200000000001	16.53	755.49	149.2	538.23	0
2049	7	26.1	15.15	721.65	151.56	536.71	0
2049	8	21.92	11.64	662.81	92.51	534.12	0
2049	9	14.58	4.92000000000002	548.68	63.07	533.12	0
2049	10	7.29000000000002	-0.629999999999995	380.31	158.99	532.98	0
2049	11	3.43000000000001	-5.78999999999996	333.42	157.87	534.41	0
2049	12	-2.08999999999997	-11.72	459.46	58.08	535.62	0
2050	1	1.36000000000001	-9.47999999999996	535.93	105.28	540.54	0
2050	2	6.57000000000005	-3.60999999999996	867.77	113.18	541.46	0
2050	3	13.8200000000001	3.17000000000002	770.06	171.58	542.44	0
2050	4	22.99	9.38	1003.14	43.59	543.9	0
2050	5	25.62	13.49	854.61	122.3	544.44	0
2050	6	28.98	17.04	805.32	153.04	543.89	0
2050	7	28.27	16.83	785.42	46.02	542.37	0
2050	8	24.33	13.55	615.63	86.92	539.78	0
2050	9	17.5700000000001	7.68000000000001	449.05	187.69	538.78	0
2050	10	9.76000000000005	1.34000000000003	342.53	173.95	538.64	0
2050	11	3.28000000000003	-6.38999999999999	329.87	63	540.07	0
2050	12	-0.289999999999964	-10.49	409.71	108.32	541.28	0
2051	1	4.74000000000001	-3.63	519.26	59.72	546.32	0
2051	2	7.62	-1.56	770.83	62	547.24	0
2051	3	14.05	3.39000000000004	740.43	243.77	548.22	0
2051	4	19.98	8	923.9	52.64	549.68	0
2051	5	23.89	13.23	800.9	88.21	550.22	0
2051	6	27.17	16.39	805.68	91.82	549.67	0
2051	7	26.9	15.43	802.77	43.59	548.15	0
2051	8	21.45	11.29	609.29	337.72	545.56	0
2051	9	16.74	5.93000000000001	526.23	91.51	544.56	0
2051	10	8.82000000000005	1.26000000000005	335.24	218.12	544.42	0
2051	11	5.64000000000004	-2.20999999999998	318.76	157.44	545.85	0
2051	12	1.53000000000003	-6.96999999999997	443.83	71.93	547.06	0
2052	1	1.76000000000005	-6.96999999999997	502.49	114.29	552.21	0
2052	2	7.77000000000004	-2.44999999999999	704.64	95.88	553.13	0
2052	3	15.88	4.16000000000003	833.99	87.11	554.11	0
2052	4	20.68	8.66000000000003	873.95	101.65	555.57	0
2052	5	25.29	12.86	925.89	67.96	556.11	0
2052	6	28.88	16.56	873.67	24.55	555.56	0
2052	7	27.64	16.79	743.28	132.87	554.04	0
2052	8	24.28	12.79	633.5	46.81	551.45	0
2052	9	14.78	4.53000000000003	523.48	166.15	550.45	0
2052	10	8.44	0.610000000000014	360.09	156.45	550.31	0
2052	11	5.5	-1.88999999999999	344.66	135.44	551.74	0
2052	12	-0.0499999999999545	-9.29999999999995	440.81	118.11	552.95	0
2053	1	3.82000000000005	-7.23999999999995	588	134.2	558.21	0
2053	2	9.68000000000001	-0.519999999999982	717.22	198.66	559.13	0
2053	3	13.95	2.96000000000004	861.74	109.56	560.11	0
2053	4	22.27	9.99000000000001	876.08	131.93	561.57	0
2053	5	25.65	13.22	920.55	81.51	562.11	0
2053	6	27.03	16.73	788.53	105.17	561.56	0
2053	7	27.65	16.49	775.23	83.96	560.04	0
2053	8	23.02	11.71	675.4	59.41	557.45	0
2053	9	16.68	7.57000000000005	407.15	240.2	556.45	0
2053	10	11.8200000000001	2.95000000000005	367.28	138.81	556.31	0
2053	11	4.72000000000003	-3.56999999999999	334.74	98.6	557.74	0
2053	12	-0.5	-10.08	396.83	253.56	558.95	0
2054	1	-0.0999999999999659	-9.88999999999999	581.4	165.55	564.31	0
2054	2	8.86000000000001	0.420000000000016	637.45	131.75	565.23	0
2054	3	15.25	3.72000000000003	899.55	125.98	566.21	0
2054	4	20.78	9.99000000000001	759.42	116.75	567.67	0
2054	5	24.53	12.17	890.24	114.44	568.21	0
2054	6	27.54	16.45	832.65	145.65	567.66	0
2054	7	29.02	16.27	830.77	47.27	566.14	0
2054	8	24.91	13.36	671	94.85	563.55	0
2054	9	16.14	6.13	489.82	133.64	562.55	0
2054	10	9.27000000000004	0.490000000000009	362.65	343.98	562.41	0
2054	11	3.88	-3.66999999999996	336.97	83.37	563.84	0
2054	12	1.25	-7.44999999999999	473.5	21.91	565.05	0
2055	1	1.91000000000003	-7.63999999999999	634.84	74.14	570.52	0
2055	2	7.79000000000002	-2.52999999999997	748.28	95.26	571.44	0
2055	3	13.87	2.48000000000002	860.82	79.19	572.42	0
2055	4	22.79	10.3	881.27	82.62	573.88	0
2055	5	25.63	13.59	881.91	135.3	574.42	0
2055	6	28.2	16.88	785.56	194.15	573.87	0
2055	7	27.93	17.52	712.28	126.04	572.35	0
2055	8	23.43	12.12	689.24	69.28	569.76	0
2055	9	16.34	5.80000000000001	531.62	104.33	568.76	0
2055	10	10.8	2.05000000000001	370.74	68.88	568.62	0
2055	11	4.79000000000002	-3.79999999999995	327.92	119.14	570.05	0
2055	12	0.720000000000027	-8.88999999999999	398.65	79.84	571.26	0
2056	1	3.95000000000005	-6.72999999999996	557.69	115.61	576.84	0
2056	2	6.5	-3.47999999999996	723.86	202.34	577.76	0
2056	3	14.78	3.16000000000003	845.31	144.95	578.74	0
2056	4	20.24	8.44	902.48	43.33	580.2	0
2056	5	24.11	12.37	888.28	142.27	580.74	0
2056	6	29.99	17.95	841.65	56.81	580.19	0
2056	7	28.89	17.98	743.61	63.69	578.67	0
2056	8	23.56	12.35	642.04	125.11	576.08	0
2056	9	16.31	5.32000000000005	553.39	26.46	575.08	0
2056	10	9.97000000000003	0.650000000000034	396.72	82.7	574.94	0
2056	11	5.39000000000004	-3.26999999999998	339.38	114.7	576.37	0
2056	12	0.360000000000014	-8.37	408.78	141	577.58	0
2057	1	4.12	-6.75999999999999	547.05	105.91	583.3	0
2057	2	7.52000000000004	-2.42999999999995	768.95	134.82	584.22	0
2057	3	13.92	3.11000000000001	794.24	213.05	585.2	0
2057	4	20.83	8.12	960.49	88.61	586.66	0
2057	5	25.99	13.34	899.31	135.65	587.2	0
2057	6	29.02	17.12	867.02	82.03	586.65	0
2057	7	28.16	16.54	780.72	149.82	585.13	0
2057	8	24.08	11.91	699.54	108.81	582.54	0
2057	9	17.01	7.18000000000001	507.29	49.45	581.54	0
2057	10	9	1.26000000000005	339.89	187.09	581.4	0
2057	11	4.07000000000005	-4.58999999999997	350.5	79.54	582.83	0
2057	12	4.96000000000004	-2.71999999999997	416.52	105.03	584.04	0
2058	1	5.28000000000003	-4.26999999999998	539.33	112.49	589.91	0
2058	2	9.19	-0.569999999999993	777.58	160.37	590.83	0
2058	3	12.9	2.53000000000003	819.44	115.29	591.81	0
2058	4	19.75	8.30000000000001	854.39	191.46	593.27	0
2058	5	23.76	12.8	850.55	73.99	593.81	0
2058	6	29.61	17.27	838.73	102.52	593.26	0
2058	7	27.3200000000001	16.45	744.42	196.4	591.74	0
2058	8	24.34	12.8	665.5	100.25	589.15	0
2058	9	19.29	8.98000000000002	460.94	200.71	588.15	0
2058	10	8.93000000000001	1.27000000000004	396.12	101.44	588.01	0
2058	11	4.63	-3.06	373	98.54	589.44	0
2058	12	1.54000000000002	-6.63999999999999	415.33	169.95	590.65	0
2059	1	1.58000000000004	-8.62	615.4	53.14	596.65	0
2059	2	6.20000000000005	-3.32999999999998	773.98	70.58	597.57	0
2059	3	16.14	4.58000000000004	868.49	124.44	598.55	0
2059	4	20.89	9.85000000000002	767.14	95.36	600.01	0
2059	5	24.92	12.79	911.8	61.78	600.55	0
2059	6	28.28	16.77	835.29	106.7	600	0
2059	7	27.26	17.84	609.73	140.27	598.48	0
2059	8	23.93	12.88	660.09	60.08	595.89	0
2059	9	15.22	5.62	525.02	41.34	594.89	0
2059	10	8.12	0.520000000000039	346.11	184.28	594.75	0
2059	11	6.67000000000002	-2.33999999999997	341.78	131.29	596.18	0
2059	12	1.81	-7.50999999999999	428.71	134.29	597.39	0
2060	1	3.82000000000005	-5.75	540.43	84.58	603.52	0
2060	2	9.61000000000001	-0.799999999999955	766.02	137.65	604.44	0
2060	3	14.42	3.66000000000003	789.74	198.57	605.42	0
2060	4	18.81	7.76000000000005	849.39	138.56	606.88	0
2060	5	25.42	13.19	937.8	76.47	607.42	0
2060	6	29.29	17.44	845.04	116.21	606.87	0
2060	7	29.02	17.14	767.13	63.87	605.35	0
2060	8	23.16	12.04	643.43	202.56	602.76	0
2060	9	15.74	5.24000000000001	522.33	57.77	601.76	0
2060	10	9.78000000000003	1.01000000000005	443.22	97.85	601.62	0
2060	11	5.89000000000004	-2.88	327.3	261.15	603.05	0
2060	12	0.990000000000009	-8.08999999999997	438.08	191.16	604.26	0
2061	1	1.28000000000003	-9.07999999999998	588.34	79.66	610.52	0
2061	2	11.04	0.629999999999995	720.21	94.84	611.44	0
2061	3	14.01	2.83000000000004	895.25	232.13	612.42	0
2061	4	21.67	9.10000000000002	880.86	57.36	613.88	0
2061	5	26.71	14.81	883.9	67.46	614.42	0
2061	6	29.61	17.21	858.88	42.95	613.87	0
2061	7	29.46	17.48	805.64	28.87	612.35	0
2061	8	23.77	13.55	584.09	106.7	609.76	0
2061	9	17.8	7.12	519.8	121.39	608.76	0
2061	10	8.16000000000003	-0.0199999999999818	396.62	143.35	608.62	0
2061	11	6.73000000000002	-0.889999999999986	332.2	115.7	610.05	0
2061	12	2.10000000000002	-6.25	424.56	62.94	611.26	0
2062	1	3.08000000000004	-5.37	523.23	105.77	617.61	0
2062	2	7.24000000000001	-0.96999999999997	649.27	248.99	618.53	0
2062	3	14.94	3.70000000000005	836.13	116.13	619.51	0
2062	4	21.41	9.41000000000003	858.91	177.05	620.97	0
2062	5	26.88	14.95	907.12	130.31	621.51	0
2062	6	30.83	18.27	851.06	55.33	620.96	0
2062	7	29.47	17.47	791.86	62.04	619.44	0
2062	8	24.43	12.64	688.3	29.66	616.85	0
2062	9	16.03	6.68000000000001	461.23	425.76	615.85	0
2062	10	7.70000000000005	0.29000000000002	364.3	124.99	615.71	0
2062	11	3.09000000000003	-5.46999999999997	343.92	236.55	617.14	0
2062	12	3.48000000000002	-5.14999999999998	427.89	114.08	618.35	0
2063	1	2.58000000000004	-6.65999999999997	574.19	60.65	624.76	0
2063	2	6.59000000000003	-3.17999999999995	762.21	155.75	625.68	0
2063	3	14.84	3.40000000000003	934.41	100.86	626.66	0
2063	4	20.96	9.63	790.01	126.6	628.12	0
2063	5	24.73	13.23	899.14	114.39	628.66	0
2063	6	29.15	19.01	761.51	83.26	628.11	0
2063	7	27.86	18.05	704.55	91.42	626.59	0
2063	8	24.36	14.37	622.88	62.8	624	0
2063	9	15.92	6.5	501.99	154.42	623	0
2063	10	11.03	2.55000000000001	409.28	135.05	622.86	0
2063	11	5.80000000000001	-1.71999999999997	308.57	154.87	624.29	0
2063	12	5	-3.88	419.99	162.31	625.5	0
2064	1	5.20000000000005	-4.87	622.81	15.75	631.99	0
2064	2	5.51000000000005	-3.92999999999995	684.38	137.96	632.91	0
2064	3	13.22	3.02000000000004	826.12	146.71	633.89	0
2064	4	19.97	8.84000000000003	822.31	86.25	635.35	0
2064	5	25.36	13.09	876	129.56	635.89	0
2064	6	28.39	17.73	782.97	92.87	635.34	0
2064	7	29.03	17.23	764.37	107.04	633.82	0
2064	8	22.83	11.56	697.3	94.11	631.23	0
2064	9	14.98	5.21000000000004	504.24	54.31	630.23	0
2064	10	12.48	2.66000000000003	427.81	72.35	630.09	0
2064	11	8.20000000000005	-0.659999999999968	303.19	119.42	631.52	0
2064	12	0.600000000000023	-8.56	426.94	65.16	632.73	0
2065	1	6.52000000000004	-3.16999999999996	571.78	156.63	639.29	0
2065	2	7.27000000000004	-3.62	807.95	119.53	640.21	0
2065	3	12.63	2.82000000000005	751.72	179.43	641.19	0
2065	4	20.38	9.39000000000004	867.26	110.66	642.65	0
2065	5	25.58	13.6	855.83	132.67	643.19	0
2065	6	29.09	17.05	830.85	128.06	642.64	0
2065	7	29.33	18.18	731.9	107.49	641.12	0
2065	8	23.4	12.38	626.6	61.21	638.53	0
2065	9	16.26	6.87	505.23	92.54	637.53	0
2065	10	8.35000000000002	1.66000000000003	330.2	136.49	637.39	0
2065	11	5.25	-2.75	328.38	125.72	638.82	0
2065	12	4.78000000000003	-2.32999999999998	380.01	170.32	640.03	0
2066	1	6.69	-2.46999999999997	522.76	206.82	646.65	0
2066	2	8.32000000000005	-1.64999999999998	750.57	103.89	647.57	0
2066	3	16.33	5.03000000000003	776.56	159.82	648.55	0
2066	4	23.51	10.71	925.51	74.8	650.01	0
2066	5	26.69	15.03	853.32	162.46	650.55	0
2066	6	29.16	17.85	778.11	148.36	650	0
2066	7	29.08	18.4	769.58	49.36	648.48	0
2066	8	24.69	14.24	636.45	108.71	645.89	0
2066	9	19.23	8.94	514.48	39.66	644.89	0
2066	10	12.15	2.62	412.04	106.41	644.75	0
2066	11	6.63	-1.83999999999997	362.12	128.66	646.18	0
2066	12	3.66000000000003	-5.38	444.83	99.94	647.39	0
2067	1	4.93000000000001	-5.10999999999996	504.45	147.74	654.1	0
2067	2	6.65000000000003	-3.76999999999998	813.11	164.28	655.02	0
2067	3	15.88	4.02000000000004	936.31	67.64	656	0
2067	4	23.4	10.77	938.06	90.26	657.46	0
2067	5	28.49	15.21	967.01	59.86	658	0
2067	6	29.4	18.06	776.46	94.55	657.45	0
2067	7	29.85	17.94	801.24	70.75	655.93	0
2067	8	24.9	13.59	641.19	138.43	653.34	0
2067	9	17.41	7.10000000000002	530.91	57.69	652.34	0
2067	10	10.97	2.51000000000005	378.64	137.92	652.2	0
2067	11	6.32000000000005	-1.48999999999995	353.26	183.15	653.63	0
2067	12	2.63	-6.38999999999999	426.04	56.91	654.84	0
2068	1	3.51000000000005	-5.65999999999997	542.48	132.64	661.64	0
2068	2	6.33000000000004	-3.34999999999997	780.27	74.93	662.56	0
2068	3	14.75	3.27000000000004	876.06	88.45	663.54	0
2068	4	22.52	10.09	874.3	66.05	665	0
2068	5	26.44	14.0700000000001	891.1	195.62	665.54	0
2068	6	29.3200000000001	18.13	851.81	73	664.99	0
2068	7	29.76	17.77	792.48	57.95	663.47	0
2068	8	26.0700000000001	14.93	672.34	46.96	660.88	0
2068	9	17.96	6.96000000000004	557.88	110.87	659.88	0
2068	10	9.68000000000001	1.52000000000004	387.92	165.75	659.74	0
2068	11	5.30000000000001	-2.69999999999999	373.31	96.47	661.17	0
2068	12	0.720000000000027	-7.71999999999997	428.5	62.14	662.38	0
2069	1	1.58000000000004	-8.01999999999998	544.71	103.05	669.3	0
2069	2	6.90000000000003	-2.25999999999999	694.05	120.33	670.22	0
2069	3	11.73	1.91000000000003	860.01	104.05	671.2	0
2069	4	25.18	10.86	1017.87	30.78	672.66	0
2069	5	24.5	12.37	941.32	81.77	673.2	0
2069	6	26.64	16.28	787	97.54	672.65	0
2069	7	27.58	16.4	789.41	78.7	671.13	0
2069	8	24.0700000000001	13.6	622.33	58.07	668.54	0
2069	9	17.55	8.04000000000002	483.13	67.43	667.54	0
2069	10	12.29	2.98000000000002	401.19	181.57	667.4	0
2069	11	4.68000000000001	-4.64999999999998	321.64	175.93	668.83	0
2069	12	2.5	-5.03999999999996	425.78	132.01	670.04	0
2070	1	2.54000000000002	-7.06	559.76	106.88	677.08	0
2070	2	6.89000000000004	-1.63	615.56	172.21	678	0
2070	3	14.75	4.81	764.21	189.89	678.98	0
2070	4	21.06	9.31	883.16	132.01	680.44	0
2070	5	25.86	14.3200000000001	838.16	98.05	680.98	0
2070	6	29.56	19.0700000000001	737.47	122.04	680.43	0
2070	7	31.1	19.39	754.21	119.32	678.91	0
2070	8	24.16	12.98	673.54	64.91	676.32	0
2070	9	17.48	7.76000000000005	469.91	143.87	675.32	0
2070	10	11.34	2.75	417.45	95.32	675.18	0
2070	11	5.76000000000005	-2.17999999999995	358.65	99.41	676.61	0
2070	12	2.76000000000005	-4.31999999999999	345.5	91.8	677.82	0
2071	1	5.01000000000005	-3.5	469.18	140.2	684.95	0
2071	2	10.62	0.390000000000043	755.06	128.18	685.87	0
2071	3	14.51	3.57000000000005	877.85	133.54	686.85	0
2071	4	19.76	8.27000000000004	873.47	111.23	688.31	0
2071	5	25.51	13.96	917.99	79.63	688.85	0
2071	6	28.88	17.63	813.77	318.21	688.3	0
2071	7	28.3	17.73	704.27	167.22	686.78	0
2071	8	24.22	13.79	631.21	94.45	684.19	0
2071	9	18.92	8.15000000000003	539.14	37.11	683.19	0
2071	10	11.52	2.62	398.94	98.8	683.05	0
2071	11	2.72000000000003	-5.19999999999999	333.63	95.87	684.48	0
2071	12	5.66000000000003	-3.20999999999998	367.29	114.77	685.69	0
2072	1	7.25	-2.63999999999999	523.69	205.05	692.9	0
2072	2	10.22	-0.20999999999998	813.41	113.37	693.82	0
2072	3	15.49	3.5	869.49	124.43	694.8	0
2072	4	20.8	9.04000000000002	836.67	164.77	696.26	0
2072	5	28.5700000000001	15.53	911.97	70.48	696.8	0
2072	6	29.52	18.49	734.1	193.41	696.25	0
2072	7	27.67	15.72	801.12	89.37	694.73	0
2072	8	24.76	13.34	691.87	63.17	692.14	0
2072	9	17.87	7.39000000000004	527.86	38.34	691.14	0
2072	10	11.39	3.13	373.54	121.75	691	0
2072	11	6.78000000000003	-1.52999999999997	311.98	124.83	692.43	0
2072	12	3.84000000000003	-5.29999999999995	423.02	103.69	693.64	0
2073	1	4.13	-4.65999999999997	538.58	46.41	700.89	0
2073	2	8.87	-0.879999999999995	726.71	231.86	701.81	0
2073	3	15.69	4.73000000000002	861.36	196.78	702.79	0
2073	4	20.48	9	820.59	106.02	704.25	0
2073	5	26.84	15.04	843.39	179.39	704.79	0
2073	6	29.34	17.14	896.25	62.42	704.24	0
2073	7	30.34	17.72	801.91	60.59	702.72	0
2073	8	22.59	12.44	631.29	182.77	700.13	0
2073	9	18.29	7.85000000000002	524.83	56.64	699.13	0
2073	10	10.86	2.01000000000005	364.68	203.48	698.99	0
2073	11	8.32000000000005	0.28000000000003	344.1	195.84	700.42	0
2073	12	3.03000000000003	-6.04999999999995	409.98	157.91	701.63	0
2074	1	2.76000000000005	-7.10999999999996	580.47	69.89	708.93	0
2074	2	10.92	1.23000000000002	618.15	167.49	709.85	0
2074	3	15.77	5.11000000000001	814.92	144.57	710.83	0
2074	4	25.75	11.54	959.42	46.16	712.29	0
2074	5	28.53	16.13	840.34	109.51	712.83	0
2074	6	30.91	18.87	852.06	75.9	712.28	0
2074	7	28.91	18	781.17	75.42	710.76	0
2074	8	24.73	14.91	598.53	114.03	708.17	0
2074	9	16.18	6.88	469.53	139.23	707.17	0
2074	10	12.58	4.01000000000005	404.03	79.37	707.03	0
2074	11	4.54000000000002	-3.52999999999997	358.01	113.32	708.46	0
2074	12	3.48000000000002	-4.85999999999996	410.74	81.72	709.67	0
2075	1	5.65000000000003	-4.38999999999999	558.38	124.7	717.02	0
2075	2	9.84000000000003	-0.17999999999995	870.42	35.25	717.94	0
2075	3	17.61	5.09000000000003	918.15	100.19	718.92	0
2075	4	22.9	11.16	816.09	120.36	720.38	0
2075	5	26.05	14.55	877.36	93.99	720.92	0
2075	6	31.64	19.52	833.14	84.93	720.37	0
2075	7	28.24	18.5700000000001	651.98	215.94	718.85	0
2075	8	23.89	13.42	658.29	178.23	716.26	0
2075	9	19.86	9.74000000000001	480.56	132.51	715.26	0
2075	10	9.61000000000001	1.05000000000001	403.27	235.7	715.12	0
2075	11	5.79000000000002	-2.01999999999998	302.53	182.55	716.55	0
2075	12	0	-9.41999999999996	440.12	77.37	717.76	0
2076	1	3.26000000000005	-7.04999999999995	611.94	32.22	725.14	0
2076	2	8.97000000000003	-1.31999999999999	762.85	173.71	726.06	0
2076	3	14.46	3.33000000000004	909.09	104.82	727.04	0
2076	4	21.19	8.88	929.54	93.75	728.5	0
2076	5	27.72	14.88	876.3	106.42	729.04	0
2076	6	28.52	17.37	826.15	65.36	728.49	0
2076	7	29.39	17.26	837.21	21.51	726.97	0
2076	8	22.49	11.96	627.45	183.32	724.38	0
2076	9	16.65	5.89000000000004	563.74	35.94	723.38	0
2076	10	10.51	2.15000000000003	400.04	193.91	723.24	0
2076	11	3.32000000000005	-4.59999999999997	350.52	49.65	724.67	0
2076	12	4.73000000000002	-3.32999999999998	392.51	112.14	725.88	0
2077	1	4.09000000000003	-5.15999999999997	616.83	74.25	733.31	0
2077	2	10.45	0.490000000000009	706.76	131	734.23	0
2077	3	15.52	4.52000000000004	815.88	142.14	735.21	0
2077	4	19.24	8.59000000000003	771.3	182.48	736.67	0
2077	5	25.37	14.27	868.16	44.63	737.21	0
2077	6	27.6	17.68	746.63	102.97	736.66	0
2077	7	29.49	18.33	778.1	50.71	735.14	0
2077	8	23.48	12.86	641.33	126.18	732.55	0
2077	9	18.46	8.16000000000003	491.47	219.67	731.55	0
2077	10	11.38	3.11000000000001	372	158.86	731.41	0
2077	11	6.71000000000004	0.0600000000000023	314.63	164.33	732.84	0
2077	12	4.09000000000003	-2.94999999999999	382.07	150.15	734.05	0
2078	1	2.46000000000004	-7.48999999999995	636.56	92.72	741.52	0
2078	2	7.65000000000003	-0.609999999999957	736.15	164.1	742.44	0
2078	3	14.19	3.37	853.81	135.29	743.42	0
2078	4	23.14	10.62	915.81	63.76	744.88	0
2078	5	26.23	13.91	953.68	77.36	745.42	0
2078	6	29.83	19.44	741.23	197.68	744.87	0
2078	7	29.44	17.88	773.41	37.73	743.35	0
2078	8	24.52	13.79	626.68	167.5	740.76	0
2078	9	17.13	7.22000000000003	523.99	67.35	739.76	0
2078	10	11.38	2.76000000000005	395.46	132.7	739.62	0
2078	11	3.95000000000005	-5.38	333.81	81.76	741.05	0
2078	12	3.06	-6.26999999999998	401.84	173.43	742.26	0
2079	1	5.15000000000003	-4.5	524.85	121.65	749.8	0
2079	2	8.5	-1.98999999999995	692.74	203.81	750.72	0
2079	3	13.73	2.62	882.57	85.91	751.7	0
2079	4	19.84	9.36000000000001	827.84	294.46	753.16	0
2079	5	26.7	14.43	907.37	68.12	753.7	0
2079	6	31.2	19.37	838.46	55.05	753.15	0
2079	7	27.76	17.5700000000001	737.19	112.35	751.63	0
2079	8	23.35	12.64	645.64	175.22	749.04	0
2079	9	17.2	7.28000000000003	496.8	126.07	748.04	0
2079	10	13.46	4.46000000000004	408.78	118.56	747.9	0
2079	11	3.5	-4.84999999999997	360.78	117.68	749.33	0
2079	12	2.11000000000001	-6.46999999999997	323.86	226.24	750.54	0
2080	1	4.72000000000003	-5.13999999999999	582.59	138.42	758.18	0
2080	2	8.79000000000002	-0.96999999999997	732.54	169.4	759.1	0
2080	3	15.54	5.23000000000002	779.87	183.34	760.08	0
2080	4	21.1	9.46000000000004	860.13	93.37	761.54	0
2080	5	29.38	16.76	923.14	50.21	762.08	0
2080	6	29.53	18.42	785.72	125	761.53	0
2080	7	29.02	17.08	825.53	76.38	760.01	0
2080	8	24.55	14.19	640.37	134.06	757.42	0
2080	9	15.81	6.04000000000002	524.28	117.75	756.42	0
2080	10	11.76	2.96000000000004	399.52	84.8	756.28	0
2080	11	7.74000000000001	-0.139999999999986	345.71	137.62	757.71	0
2080	12	5.55000000000001	-3.23999999999995	411.13	136.76	758.92	0
2081	1	6.75	-1.62	553.17	69.75	766.64	0
2081	2	11.22	1.56	709.11	106.34	767.56	0
2081	3	16.72	4.95000000000005	882.33	135.78	768.54	0
2081	4	19.8200000000001	8.28000000000003	911.62	96.24	770	0
2081	5	27.87	14.66	933.25	26.82	770.54	0
2081	6	32.28	19.09	880	36.7	769.99	0
2081	7	30.49	18.35	778.56	83.99	768.47	0
2081	8	23.65	12.69	657.87	117.35	765.88	0
2081	9	17.71	7.85000000000002	506.98	119.13	764.88	0
2081	10	12.64	3.79000000000002	381.82	99.45	764.74	0
2081	11	3.97000000000003	-3.98999999999995	351.1	55.47	766.17	0
2081	12	2.43000000000001	-6.90999999999997	429.06	146.01	767.38	0
2082	1	5.87	-3.44999999999999	588.98	101.17	775.17	0
2082	2	12.53	2.37	704.95	138.39	776.09	0
2082	3	12.53	3.36000000000001	789.74	125.77	777.07	0
2082	4	22.45	10.3200000000001	864.81	88.03	778.53	0
2082	5	25.37	14.5	789.86	170.83	779.07	0
2082	6	30.45	18.33	852.22	45.2	778.52	0
2082	7	28.66	18.11	688.03	183.3	777	0
2082	8	27.27	16	612.59	104.51	774.41	0
2082	9	19.58	8.80000000000001	559.37	101.94	773.41	0
2082	10	9.75	1.64000000000004	392.72	100.53	773.27	0
2082	11	6.40000000000003	-1.33999999999997	355.24	66.34	774.7	0
2082	12	2.61000000000001	-5.21999999999997	398.4	95.68	775.91	0
2083	1	1.18000000000001	-8.54999999999995	579.77	123.97	783.75	0
2083	2	9.07000000000005	-0.649999999999977	770.27	100.72	784.67	0
2083	3	16.68	5.38	832.07	89.11	785.65	0
2083	4	22.04	9.36000000000001	978.54	79.48	787.11	0
2083	5	26.58	14.95	882.67	124.25	787.65	0
2083	6	30.45	19.74	805.54	75.77	787.1	0
2083	7	30.87	18.63	804.12	70.18	785.58	0
2083	8	25.63	14.54	656.48	96.39	782.99	0
2083	9	18.89	8.57000000000005	533.21	65.45	781.99	0
2083	10	8.82000000000005	0.410000000000025	401.87	133.42	781.85	0
2083	11	6.10000000000002	-1.90999999999997	315.76	229.5	783.28	0
2083	12	1.17000000000002	-7.51999999999998	427.12	65.66	784.49	0
2084	1	4.89000000000004	-3.85999999999996	554	102.87	792.37	0
2084	2	9.01000000000005	0.400000000000034	706.07	104.75	793.29	0
2084	3	14.11	3.06	925.83	88.91	794.27	0
2084	4	23.5700000000001	11.18	799.92	92.28	795.73	0
2084	5	27.81	16.5	834.04	89.16	796.27	0
2084	6	29.93	18.69	832.36	95.64	795.72	0
2084	7	29.21	18.08	762.6	96.47	794.2	0
2084	8	25.59	14.36	685.99	70.09	791.61	0
2084	9	16.37	7.31	468.45	226.53	790.61	0
2084	10	11.25	2.74000000000001	403.1	105.74	790.47	0
2084	11	5.86000000000001	-1.56	345.84	92.82	791.9	0
2084	12	2.17000000000002	-5.33999999999997	416.26	126.85	793.11	0
2085	1	6.05000000000001	-3.56999999999999	567.46	155.61	801.02	0
2085	2	9.35000000000002	0.310000000000002	731.06	174.85	801.94	0
2085	3	16.96	5.85000000000002	843.11	99.97	802.92	0
2085	4	21.89	9.80000000000001	841.45	80.14	804.38	0
2085	5	28.24	16.04	848.71	192.83	804.92	0
2085	6	30.67	19.47	796.82	98.36	804.37	0
2085	7	30.22	18.39	816.24	28.69	802.85	0
2085	8	23.95	14.17	631.23	140.98	800.26	0
2085	9	18.8	9.45000000000005	467.63	140.76	799.26	0
2085	10	13.84	4.75	399.02	129.59	799.12	0
2085	11	6.04000000000002	-2.60999999999996	341.87	167.9	800.55	0
2085	12	1.43000000000001	-7.76999999999998	461.36	53.29	801.76	0
2086	1	3.33000000000004	-5.65999999999997	516.7	59.73	809.71	0
2086	2	9.47000000000003	-0.339999999999975	725.65	171.49	810.63	0
2086	3	14.92	4.84000000000003	778.93	173.2	811.61	0
2086	4	23.43	11.16	942.74	100.41	813.07	0
2086	5	26.02	15.18	815.16	193.91	813.61	0
2086	6	30.9	19.5700000000001	832.97	69.39	813.06	0
2086	7	29.9	19.14	758.08	98.4	811.54	0
2086	8	25.56	14.58	652.11	82.64	808.95	0
2086	9	18.41	8.38	498.29	77.6	807.95	0
2086	10	12.4	4.89000000000004	359.65	131.98	807.81	0
2086	11	4.60000000000002	-3.75	320.87	120	809.24	0
2086	12	3.19	-5.69	404.73	86.35	810.45	0
2087	1	4.13	-5.07999999999998	590.09	71.47	818.42	0
2087	2	9.31	-0.299999999999955	733.7	221.87	819.34	0
2087	3	15.86	5.45000000000005	731.77	144.73	820.32	0
2087	4	23.08	10.93	891.69	139.83	821.78	0
2087	5	24.6	13.83	885.48	107.95	822.32	0
2087	6	27.63	16.81	756.21	187.26	821.77	0
2087	7	29.65	18.33	750.57	121.41	820.25	0
2087	8	23.05	12.65	635.98	163.55	817.66	0
2087	9	17.98	8.23000000000002	540.66	90.6	816.66	0
2087	10	10.08	2.73000000000002	383.18	121.7	816.52	0
2087	11	8.29000000000002	0.200000000000045	324.04	200.18	817.95	0
2087	12	5.22000000000003	-2.08999999999997	400.73	64.65	819.16	0
2088	1	6.05000000000001	-3.13999999999999	576.12	158.73	827.16	0
2088	2	10.75	0.680000000000007	780.17	116.62	828.08	0
2088	3	14.2	4.16000000000003	759.04	173.22	829.06	0
2088	4	23.58	10.66	888.45	88.7	830.52	0
2088	5	26.09	15.19	818.71	79.62	831.06	0
2088	6	30.58	19.8200000000001	767.57	141.62	830.51	0
2088	7	29.27	18	808.93	65.2	828.99	0
2088	8	26.06	15.25	618.78	132.12	826.4	0
2088	9	19.93	9.84000000000003	495.67	98.39	825.4	0
2088	10	13.38	4.71000000000004	431.5	78.4	825.26	0
2088	11	7.75	0.310000000000002	322.61	99.52	826.69	0
2088	12	4.81	-4.31	396.24	107.91	827.9	0
2089	1	4.74000000000001	-4.37	555.54	72.68	835.96	0
2089	2	7.64000000000004	-2.56999999999999	694.01	286.28	836.88	0
2089	3	16.05	4.95000000000005	882.42	90.73	837.86	0
2089	4	22.27	10.3	929.76	18.44	839.32	0
2089	5	27.15	15.92	820.93	108.33	839.86	0
2089	6	30.18	17.9	857	145.5	839.31	0
2089	7	29.75	18.16	773.27	37.6	837.79	0
2089	8	28.53	16.65	666.98	47.27	835.2	0
2089	9	20.66	9.78000000000003	550.84	66.15	834.2	0
2089	10	13.95	5.48000000000002	389.02	116.28	834.06	0
2089	11	6.53000000000003	-2.16999999999996	353.27	98.88	835.49	0
2089	12	2.83000000000004	-6.59999999999997	416.88	61.71	836.7	0
2090	1	2.83000000000004	-8.13999999999999	678.51	50.16	844.8	0
2090	2	13.15	2.59000000000003	793.18	123.68	845.72	0
2090	3	15.63	4.94	837.63	99.37	846.7	0
2090	4	20.0700000000001	9.57000000000005	792.3	170.89	848.16	0
2090	5	28.76	16.15	868.52	84.52	848.7	0
2090	6	31.43	18.52	866.22	139.42	848.15	0
2090	7	29.95	19.12	728.09	153.03	846.63	0
2090	8	25.15	14.23	654.29	114.94	844.04	0
2090	9	16.64	7.81	420.89	183.86	843.04	0
2090	10	11.92	3.52000000000004	392.19	51.91	842.9	0
2090	11	6.76000000000005	-0.919999999999959	290.74	168.12	844.33	0
2090	12	7.68000000000001	0.200000000000045	330.62	133.17	845.54	0
2091	1	7.70000000000005	-1.90999999999997	501.92	121.96	853.73	0
2091	2	11.52	1.05000000000001	779.43	92.32	854.65	0
2091	3	16.13	5.5	720.45	243.42	855.63	0
2091	4	22.69	10.3200000000001	880.74	64.35	857.09	0
2091	5	28.45	16.18	899.66	111.28	857.63	0
2091	6	31.99	19.7	836.87	81.81	857.08	0
2091	7	30.85	18.09	834.25	67.88	855.56	0
2091	8	24.59	14.27	633.47	160.36	852.97	0
2091	9	18.41	8.83000000000004	471.76	101.54	851.97	0
2091	10	12.41	3.74000000000001	370.31	109.4	851.83	0
2091	11	10	2.20000000000005	310.53	65.31	853.26	0
2091	12	6.56	-2.19	351.2	212.1	854.47	0
2092	1	2.62	-6.69999999999999	602.92	123.65	862.73	0
2092	2	8.90000000000003	-0.739999999999952	772.12	220.26	863.65	0
2092	3	13.5	3.56	732.88	227.02	864.63	0
2092	4	22.35	11.0700000000001	862.3	82.82	866.09	0
2092	5	28.47	16.12	892.99	83.28	866.63	0
2092	6	30.91	18.77	829.57	77.5	866.08	0
2092	7	30.8200000000001	18.89	770.74	63.53	864.56	0
2092	8	26.34	15.49	623.75	115.91	861.97	0
2092	9	19.87	9.96000000000004	522.5	23.43	860.97	0
2092	10	11.88	3.44	402.71	94.34	860.83	0
2092	11	8.06	0.310000000000002	293.46	153.54	862.26	0
2092	12	9.06	1.52000000000004	328.39	184.06	863.47	0
2093	1	4.05000000000001	-5.39999999999998	518.15	144.32	871.78	0
2093	2	8.18000000000001	-1.44	759.91	120.45	872.7	0
2093	3	14.69	3.21000000000004	882.09	301.41	873.68	0
2093	4	24.25	11.09	922.63	68.89	875.14	0
2093	5	27.31	14.45	954.29	54.41	875.68	0
2093	6	29.52	18.92	712.36	243.03	875.13	0
2093	7	30.51	19.05	727.64	123.4	873.61	0
2093	8	25.7	15.54	603.92	112.79	871.02	0
2093	9	20.41	10.15	489.15	148.53	870.02	0
2093	10	10.24	2.20000000000005	385.79	120.29	869.88	0
2093	11	6.63	-1.23999999999995	341.54	82.28	871.31	0
2093	12	5.21000000000004	-3.12	400.65	190.49	872.52	0
2094	1	6.93000000000001	-1.56999999999999	531.94	157.95	880.86	0
2094	2	9.16000000000003	-0.359999999999957	699.73	189.48	881.78	0
2094	3	16.06	5.23000000000002	797.23	129.37	882.76	0
2094	4	21.28	10.25	823.76	131.57	884.22	0
2094	5	26.18	15.2	801.19	126.63	884.76	0
2094	6	30.17	19.64	767.04	187.59	884.21	0
2094	7	30.55	18.36	826.04	50.77	882.69	0
2094	8	24.95	14.34	655.14	134.35	880.1	0
2094	9	20.79	10.0700000000001	519.46	245.99	879.1	0
2094	10	13.75	5.24000000000001	412.1	110.07	878.96	0
2094	11	9.36000000000001	1.54000000000002	320.26	145.01	880.39	0
2094	12	3.79000000000002	-4.78999999999996	408.15	132.79	881.6	0
2095	1	5.34000000000003	-4.5	555.28	130.24	889.98	0
2095	2	12.34	1.22000000000003	723.67	108.01	890.9	0
2095	3	17.46	5.57000000000005	914.62	99.61	891.88	0
2095	4	22.45	10.17	883.08	56.87	893.34	0
2095	5	29.49	17.19	898.87	104.77	893.88	0
2095	6	30.98	19.89	792.04	94.79	893.33	0
2095	7	29.87	18.91	788.77	46.2	891.81	0
2095	8	25.64	14.92	632.06	110.9	889.22	0
2095	9	18.41	8.26000000000005	524.76	145.76	888.22	0
2095	10	11.91	3.58000000000004	358.98	197.34	888.08	0
2095	11	7.51000000000005	-0.739999999999952	323.67	140.07	889.51	0
2095	12	2.38	-7.70999999999998	400.01	142.07	890.72	0
2096	1	3.40000000000003	-6.89999999999998	622.35	122.05	899.12	0
2096	2	9.80000000000001	-0.989999999999952	753.34	157.7	900.04	0
2096	3	18.23	6.21000000000004	897.65	62.74	901.02	0
2096	4	23.93	12.19	747.59	160.15	902.48	0
2096	5	29.0700000000001	16.33	898.36	141.27	903.02	0
2096	6	31.18	19.83	788.56	91.18	902.47	0
2096	7	31.01	20.26	727.47	70.73	900.95	0
2096	8	24.77	13.6	671.27	129.94	898.36	0
2096	9	19.21	9.85000000000002	487.67	74.27	897.36	0
2096	10	12.61	3.99000000000001	397.28	106.37	897.22	0
2096	11	7.52000000000004	-0.159999999999968	336.93	71.92	898.65	0
2096	12	6.36000000000001	-1.44999999999999	403.13	150.44	899.86	0
2097	1	4.24000000000001	-4.72999999999996	569.14	91.56	908.29	0
2097	2	10.22	1.09000000000003	740.9	157.68	909.21	0
2097	3	17.04	5.92000000000002	865.81	180.38	910.19	0
2097	4	22.6	10.3200000000001	881.9	78.6	911.65	0
2097	5	24.9	14.46	855.12	66.44	912.19	0
2097	6	30.35	19.09	788.71	75.38	911.64	0
2097	7	31.94	19.99	733.14	73.36	910.12	0
2097	8	28.5700000000001	16.63	662.7	81.94	907.53	0
2097	9	18.54	9.23000000000002	467.5	104.73	906.53	0
2097	10	11.99	3.07000000000005	426.44	59.48	906.39	0
2097	11	5.96000000000004	-2.06999999999999	352.47	89.85	907.82	0
2097	12	1.78000000000003	-6.31999999999999	434.23	51.55	909.03	0
2098	1	1.53000000000003	-8.07999999999998	620.6	45.92	917.47	0
2098	2	8.70000000000005	-1.77999999999997	790.03	99.93	918.39	0
2098	3	17.06	5.59000000000003	800.75	96.51	919.37	0
2098	4	22.16	11.26	815.68	142.82	920.83	0
2098	5	26.5	15.38	872.17	97.17	921.37	0
2098	6	33.19	19.92	872.45	20.46	920.82	0
2098	7	30.39	18.5700000000001	786.8	106.41	919.3	0
2098	8	26.25	15.06	658.93	46.27	916.71	0
2098	9	17.87	8.08000000000004	530.89	83.77	915.71	0
2098	10	11.12	3.66000000000003	343.58	141.04	915.57	0
2098	11	6.67000000000002	-0.529999999999973	311.52	108.15	917	0
2098	12	3.40000000000003	-4.57999999999998	428.17	44.72	918.21	0
2099	1	8.70000000000005	-0.449999999999989	445.1	143.56	926.67	0
2099	2	10.23	-0.0999999999999659	788.56	73.45	927.59	0
2099	3	16.0700000000001	4.72000000000003	879.54	121.7	928.57	0
2099	4	22.23	9.93000000000001	871.04	80.53	930.03	0
2099	5	28.1	15.85	808.16	194.48	930.57	0
2099	6	27.8	18.7	702.78	135.88	930.02	0
2099	7	31.0700000000001	18.76	768.58	91.11	928.5	0
2099	8	25.77	13.96	693.84	40.81	925.91	0
2099	9	17.55	8	485.31	106.63	924.91	0
2099	10	11.31	4.34000000000003	346.25	215.56	924.77	0
2099	11	6.96000000000004	-0.699999999999989	337.79	119.63	926.2	0
2099	12	3.40000000000003	-4.57999999999998	428.17	44.72	927.41	0
2100-2200	1	8.70000000000005	-0.449999999999989	445.1	143.56	926.67	0
2100-2200	2	10.23	-0.0999999999999659	788.56	73.45	927.59	0
2100-2200	3	16.0700000000001	4.72000000000003	879.54	121.7	928.57	0
2100-2200	4	22.23	9.93000000000001	871.04	80.53	930.03	0
2100-2200	5	28.1	15.85	808.16	194.48	930.57	0
2100-2200	6	27.8	18.7	702.78	135.88	930.02	0
2100-2200	7	31.0700000000001	18.76	768.58	91.11	928.5	0
2100-2200	8	25.77	13.96	693.84	40.81	925.91	0
2100-2200	9	17.55	8	485.31	106.63	924.91	0
2100-2200	10	11.31	4.34000000000003	346.25	215.56	924.77	0
2100-2200	11	6.96000000000004	-0.699999999999989	337.79	119.63	926.2	0
2100-2200	12	3.40000000000003	-4.57999999999998	428.17	44.72	927.41	0
