Year	Month	Tmax	Tmin	PAR	Prec	CO2	O3
1200-1949	1	-1.07999999999998	-10.54	428.76	80.26	390	0
1200-1949	2	0.379999999999995	-9.62	541.34	83.59	390	0
1200-1949	3	5.19	-4.08999999999997	660.04	205.08	390	0
1200-1949	4	12	2.02000000000004	722.17	145.58	390	0
1200-1949	5	15.75	6.55000000000001	671.57	118.56	390	0
1200-1949	6	21.04	10.76	873.05	41.15	390	0
1200-1949	7	22.85	13.34	789.78	89.09	390	0
1200-1949	8	23.22	12.5	855.58	80.28	390	0
1200-1949	9	20.86	10.74	729.62	116.1	390	0
1200-1949	10	15.15	6.08000000000004	502.45	155.71	390	0
1200-1949	11	9.59000000000003	0.970000000000027	495.29	61.33	390	0
1200-1949	12	0.870000000000005	-8.63999999999999	352.89	82.53	390	0
1950	1	-1.07999999999998	-10.54	428.76	80.26	390	0
1950	2	0.379999999999995	-9.62	541.34	83.59	390	0
1950	3	5.19	-4.08999999999997	660.04	205.08	390	0
1950	4	12	2.02000000000004	722.17	145.58	390	0
1950	5	15.75	6.55000000000001	671.57	118.56	390	0
1950	6	21.04	10.76	873.05	41.15	390	0
1950	7	22.85	13.34	789.78	89.09	390	0
1950	8	23.22	12.5	855.58	80.28	390	0
1950	9	20.86	10.74	729.62	116.1	390	0
1950	10	15.15	6.08000000000004	502.45	155.71	390	0
1950	11	9.59000000000003	0.970000000000027	495.29	61.33	390	0
1950	12	0.870000000000005	-8.63999999999999	352.89	82.53	390	0
1951	1	0.300000000000011	-8.58999999999997	382.67	143.23	390	0
1951	2	1.28000000000003	-7.69999999999999	401.46	183.89	390	0
1951	3	5.16000000000003	-3.07999999999998	614.43	134.59	390	0
1951	4	12.17	1.48000000000002	815.12	57.46	390	0
1951	5	16.6	6.57000000000005	729.71	86.41	390	0
1951	6	21.48	11.5	801	64.18	390	0
1951	7	23.89	12.92	905.06	83.82	390	0
1951	8	22.96	13.09	786.29	168.78	390	0
1951	9	20.14	10.11	714.43	92.64	390	0
1951	10	15.37	5.69	521.31	142.24	390	0
1951	11	6.28000000000003	-3.04999999999995	499.03	83.65	390	0
1951	12	3.12	-7.17999999999995	407.61	120.26	390	0
1952	1	1.95000000000005	-8.26999999999998	396.36	121.31	390	0
1952	2	1.78000000000003	-8.56999999999999	536.03	51	390	0
1952	3	5.49000000000001	-3.82999999999998	725.71	84.31	390	0
1952	4	10.28	0.590000000000032	708.32	148.28	390	0
1952	5	18.79	7.79000000000002	668.71	146.55	390	0
1952	6	20.4	10.37	757.02	190.58	390	0
1952	7	22.71	12.78	794.42	140.23	390	0
1952	8	23.64	13.61	775.17	171.57	390	0
1952	9	19.3	9.65000000000003	715.78	97.95	390	0
1952	10	13.27	3.59000000000003	583.36	145.81	390	0
1952	11	4.94	-3.92999999999995	435.19	122.18	390	0
1952	12	-0.0499999999999545	-9.84999999999997	375.86	51.57	390	0
1953	1	0.350000000000023	-10.72	393.33	215.2	390	0
1953	2	-2.23999999999995	-13.77	501.41	53.9	390	0
1953	3	4.47000000000003	-4.00999999999999	633.12	179.89	390	0
1953	4	11.51	1.76000000000005	752.82	95.55	390	0
1953	5	16.44	5.96000000000004	766.11	149.93	390	0
1953	6	23.41	12.61	833.69	92.26	390	0
1953	7	25.58	14.3	872.09	91.03	390	0
1953	8	25.3	13.81	903.39	18.49	390	0
1953	9	19.38	8.81	748.76	176.03	390	0
1953	10	15.08	5.54000000000002	537.82	136.95	390	0
1953	11	6.97000000000003	-2	444.52	131.25	390	0
1953	12	0.439999999999998	-8.77999999999997	387.31	103.5	390	0
1954	1	-1.23999999999995	-10.81	392.35	54.24	390	0
1954	2	0.0600000000000023	-9.41999999999996	524.02	35.86	390	0
1954	3	5	-4.59999999999997	660.34	127.8	390	0
1954	4	11.48	1.23000000000002	775.35	174.89	390	0
1954	5	16.47	6.16000000000003	807.65	94.62	390	0
1954	6	20.53	10.33	802.24	167.68	390	0
1954	7	24.74	14.16	852.7	100.69	390	0
1954	8	23.83	13.87	777.84	125.09	390	0
1954	9	18.88	8.97000000000003	710.49	86.8	390	0
1954	10	13.4	2.91000000000003	544.88	68.89	390	0
1954	11	5.52000000000004	-2.94999999999999	463.47	115.87	390	0
1954	12	3.56	-5	369.13	205.52	390	0
1955	1	-0.889999999999986	-10.37	434.51	123.34	390	0
1955	2	1.53000000000003	-8.20999999999998	579.08	39.37	390	0
1955	3	5.46000000000004	-2.75	714.04	175.54	390	0
1955	4	12.54	2.40000000000003	725.15	100.19	390	0
1955	5	19.06	7.74000000000001	734.28	81	390	0
1955	6	21.51	11.05	846.05	65.89	390	0
1955	7	24.11	14.61	715.83	153.98	390	0
1955	8	23.09	13.13	774.5	102.97	390	0
1955	9	18.14	8.78000000000003	685.67	126.33	390	0
1955	10	14.83	4.57000000000005	617.74	75.73	390	0
1955	11	6.87	-1.45999999999998	439.89	119.72	390	0
1955	12	1.65000000000003	-7.65999999999997	437.94	95.55	390	0
1956	1	-1.20999999999998	-10.49	410.15	110.6	390	0
1956	2	1.80000000000001	-8.58999999999997	477.5	79.36	390	0
1956	3	6.89000000000004	-2.42999999999995	627.5	142.02	390	0
1956	4	12.09	2	791.05	90.33	390	0
1956	5	17.75	6.49000000000001	843.71	84.43	390	0
1956	6	22.16	11.65	845.61	71.23	390	0
1956	7	26.01	14.34	912.12	42.87	390	0
1956	8	25.25	14.97	769.49	88.25	390	0
1956	9	20.41	9.64000000000004	759.2	52.92	390	0
1956	10	15.02	4.73000000000002	619.32	82.22	390	0
1956	11	8.36000000000001	-0.0799999999999841	465.71	104.97	390	0
1956	12	2.89000000000004	-5.73999999999995	381.37	113.69	390	0
1957	1	-0.889999999999986	-11.01	448.66	78.51	390	0
1957	2	0.5	-10.54	573.39	50.2	390	0
1957	3	4.94	-3.75999999999999	705.15	79.58	390	0
1957	4	12	1.56	795.86	112.84	390	0
1957	5	14.74	5.28000000000003	774.68	109.53	390	0
1957	6	20.42	11.02	752.14	172.35	390	0
1957	7	25.3200000000001	14.72	846.19	47.3	390	0
1957	8	25.87	14.41	872.64	42.07	390	0
1957	9	22.63	11.12	739.08	62.23	390	0
1957	10	16.35	5.82000000000005	569.53	110.77	390	0
1957	11	10.54	0.860000000000014	482.22	31.22	390	0
1957	12	3.29000000000002	-6.64999999999998	337.22	145.82	390	0
1958	1	1.93000000000001	-7.17999999999995	343.53	87.32	390	0
1958	2	0.100000000000023	-9.97999999999996	518	28.38	390	0
1958	3	4.42000000000002	-4.69999999999999	674.25	110.7	390	0
1958	4	13.22	3.32000000000005	678.58	75.09	390	0
1958	5	17.01	6.65000000000003	788.33	126.73	390	0
1958	6	21.06	10.76	777.52	136.43	390	0
1958	7	25.36	14.81	829.26	111.58	390	0
1958	8	23.48	13.64	777.97	64.6	390	0
1958	9	20.69	10.39	717.08	92.37	390	0
1958	10	15.21	5.31	574.98	99.21	390	0
1958	11	10.08	1.23000000000002	439.38	65.16	390	0
1958	12	3.80000000000001	-5.32999999999998	356.36	172.3	390	0
1959	1	1.56	-8.19	443.11	133.66	390	0
1959	2	2.37	-6.81	574.04	78.67	390	0
1959	3	5.91000000000003	-2.96999999999997	658.8	125.75	390	0
1959	4	11	1.38	747.67	173.31	390	0
1959	5	15.99	6.19	736.28	50.63	390	0
1959	6	20.31	10.34	817.72	52.78	390	0
1959	7	24.4	14.47	790.83	194.29	390	0
1959	8	23.84	13.13	853.82	54.17	390	0
1959	9	19.13	8.14000000000004	805.66	27.76	390	0
1959	10	14.04	4.21000000000004	560.2	128.34	390	0
1959	11	8.65000000000003	-0.21999999999997	474.86	121.65	390	0
1959	12	0.370000000000005	-8.84999999999997	368.94	119.91	390	0
1960	1	-1.26999999999998	-11.27	458.47	41.03	390	0
1960	2	-0.239999999999952	-9.89999999999998	526.29	90.3	390	0
1960	3	7.07000000000005	-2.01999999999998	620.39	106.81	390	0
1960	4	11.38	1.70000000000005	772.04	188.53	390	0
1960	5	15.13	6.02000000000004	703.37	167.73	390	0
1960	6	22.77	12.1	825.63	77.4	390	0
1960	7	26.45	14.69	938.56	51.97	390	0
1960	8	24.7	14.31	762.72	64.71	390	0
1960	9	20.66	10.16	730.76	97.04	390	0
1960	10	12.5700000000001	2.54000000000002	620.16	93.72	390	0
1960	11	7.01000000000005	-1.58999999999997	446.23	182.53	390	0
1960	12	1.77000000000004	-8.35999999999996	331.4	113.37	390	0
1961	1	-0.139999999999986	-10.44	379.73	113.6	390	0
1961	2	1.45000000000005	-7.12	419.59	135.04	390	0
1961	3	4.71000000000004	-4.13	654.88	204.2	390	0
1961	4	11.89	1.64000000000004	782.45	107.91	390	0
1961	5	16.72	6.27000000000004	673.57	199.7	390	0
1961	6	21.76	11.18	828.74	58.18	390	0
1961	7	24.63	14.38	804.38	117.43	390	0
1961	8	25.34	14.73	839.46	26.9	390	0
1961	9	18.75	8.86000000000001	729.06	71.01	390	0
1961	10	13.35	4.98000000000002	499.98	233.73	390	0
1961	11	7.46000000000004	-1.13999999999999	464.78	148.05	390	0
1961	12	1.48000000000002	-8.29999999999995	359.01	75.71	390	0
1962	1	-0.25	-9.21999999999997	444.03	27.58	390	0
1962	2	1.60000000000002	-7.52999999999997	578.84	117.37	390	0
1962	3	6.84000000000003	-1.83999999999997	639.18	175.3	390	0
1962	4	13.03	2.55000000000001	789.78	94.9	390	0
1962	5	18.25	6.46000000000004	865.76	75.24	390	0
1962	6	21.51	11.36	775.27	70.27	390	0
1962	7	25.88	14.73	873.28	57.18	390	0
1962	8	22.95	12.74	786.25	134.04	390	0
1962	9	18.63	8.83000000000004	730.46	126.14	390	0
1962	10	12.59	2.89000000000004	637.05	37.51	390	0
1962	11	7.66000000000003	-1.13999999999999	416.46	124.33	390	0
1962	12	2.58000000000004	-5.71999999999997	298.37	107.87	390	0
1963	1	-1.35999999999996	-13.04	360.2	159.79	390	0
1963	2	3.40000000000003	-6.28999999999996	471.32	126.92	390	0
1963	3	5.45000000000005	-4.44999999999999	684.01	175.93	390	0
1963	4	10.99	1.18000000000001	777.21	111.77	390	0
1963	5	17.98	7.04000000000002	769.64	101.1	390	0
1963	6	22.37	11.81	783.55	157.48	390	0
1963	7	23.8200000000001	12.81	912.08	18.88	390	0
1963	8	23.89	13.29	841.57	33.52	390	0
1963	9	19.71	8.85000000000002	741.31	124.76	390	0
1963	10	12.13	3.16000000000003	474.05	120.26	390	0
1963	11	8.19	-0.46999999999997	438.05	119.43	390	0
1963	12	3.35000000000002	-6.01999999999998	349.83	171.76	390	0
1964	1	-2.23999999999995	-13.48	382.11	152.19	390	0
1964	2	-1.72999999999996	-13.01	546.53	50.59	390	0
1964	3	5.58000000000004	-3.47999999999996	668.39	72.88	390	0
1964	4	9.45000000000005	0.400000000000034	784.54	68.32	390	0
1964	5	17.77	6.62	818.91	51.2	390	0
1964	6	22.27	11.75	836.6	33.86	390	0
1964	7	23.95	13.93	812.03	64.32	390	0
1964	8	24.41	13.06	848.5	54.08	390	0
1964	9	19.26	8.86000000000001	725.09	77.88	390	0
1964	10	13	2.84000000000003	641.65	19	390	0
1964	11	8.59000000000003	-0.67999999999995	447.2	185.79	390	0
1964	12	4.10000000000002	-3.65999999999997	366.39	127.53	390	0
1965	1	-0.25	-8.38999999999999	384.24	94.53	390	0
1965	2	0.07000000000005	-11.19	495.37	252.54	390	0
1965	3	4.45000000000005	-5.42999999999995	672.78	78.15	390	0
1965	4	9.65000000000003	0.930000000000007	680.16	174.09	390	0
1965	5	19.55	7.83000000000004	907.9	52.91	390	0
1965	6	23.03	12.12	870.59	63.19	390	0
1965	7	25.76	14.53	859.13	81.25	390	0
1965	8	23.41	13.41	818.13	149.83	390	0
1965	9	21.04	10.05	708.51	135.6	390	0
1965	10	15.27	4.64000000000004	632.49	89.69	390	0
1965	11	9.02000000000004	-0.229999999999961	468.66	104.53	390	0
1965	12	4.60000000000002	-4.81999999999999	379.5	61.76	390	0
1966	1	-0.389999999999986	-10.77	469.03	50.83	390	0
1966	2	3.82000000000005	-5.91999999999996	539.14	77.14	390	0
1966	3	4.81	-5.69	683.36	84.97	390	0
1966	4	12.59	1.84000000000003	809.99	162.8	390	0
1966	5	16.83	6.96000000000004	706.72	100.99	390	0
1966	6	23.75	12.87	804.7	74.53	390	0
1966	7	25.79	14.98	872.4	85.79	390	0
1966	8	23.8	13.34	818.63	125.35	390	0
1966	9	19.75	9.84000000000003	659.28	210.71	390	0
1966	10	13.77	3.65000000000003	616.18	50.41	390	0
1966	11	5.70000000000005	-2.62	486.4	69.93	390	0
1966	12	4.07000000000005	-5.56	395.08	92.28	390	0
1967	1	-0.269999999999982	-10.19	425.21	103.99	390	0
1967	2	-1.42999999999995	-12.25	534.18	60.38	390	0
1967	3	3.5	-6.29999999999995	639.31	163.33	390	0
1967	4	12.47	1.85000000000002	778.16	61.53	390	0
1967	5	16.77	6.24000000000001	779.14	71.47	390	0
1967	6	21.71	10.38	883.66	131.55	390	0
1967	7	25.3200000000001	14.76	842.4	51.52	390	0
1967	8	24.52	13.83	839.74	38.59	390	0
1967	9	20.88	9.48000000000002	807.04	7.54	390	0
1967	10	14.75	4.61000000000001	593.96	87.57	390	0
1967	11	9.48000000000002	1.28000000000003	420.37	109.01	390	0
1967	12	4.27000000000004	-3.63	363.61	82.97	390	0
1968	1	-2.45999999999998	-14.07	391.83	145.43	390	0
1968	2	0.32000000000005	-9.98999999999995	575.55	21.85	390	0
1968	3	3.91000000000003	-5.13	702.23	112	390	0
1968	4	10.7	0.890000000000043	777.01	155.53	390	0
1968	5	17.27	6.43000000000001	907.49	65.52	390	0
1968	6	22.79	11.17	945.67	33.08	390	0
1968	7	25.59	14.22	892.69	74.61	390	0
1968	8	23.67	13.51	831.23	84.76	390	0
1968	9	20.08	9.93000000000001	720.08	164.54	390	0
1968	10	12.65	3.69	518.9	185.72	390	0
1968	11	7.43000000000001	-1.28999999999996	419.46	176.01	390	0
1968	12	2.19	-8.73999999999995	382.65	107.12	390	0
1969	1	-1.92999999999995	-12.71	420.07	35.74	390	0
1969	2	0.990000000000009	-7.67999999999995	452.67	95.45	390	0
1969	3	3.87	-5.62	641.83	136.66	390	0
1969	4	10.94	1.12	801.75	86.05	390	0
1969	5	14.5	5.66000000000003	705.54	195.67	390	0
1969	6	20.92	10.12	919.21	48.68	390	0
1969	7	24	13.18	882.42	61.1	390	0
1969	8	22.39	12.76	821.81	47.85	390	0
1969	9	19.38	9.59000000000003	713.07	56.78	390	0
1969	10	13.51	3.74000000000001	619.06	52.98	390	0
1969	11	7.91000000000003	-0.95999999999998	471	193.43	390	0
1969	12	0.5	-12.61	355.51	87.43	390	0
1970	1	-3.15999999999997	-14.37	394.91	140.97	390	0
1970	2	1.10000000000002	-8.25999999999999	515.49	150.16	390	0
1970	3	1.38	-9.06	693.54	89.71	390	0
1970	4	10.94	0.689999999999998	771.78	105.7	390	0
1970	5	15.95	6.45000000000005	739.81	133.36	390	0
1970	6	21.2	10.83	777.63	172.16	390	0
1970	7	24.56	14.02	846.35	109.64	390	0
1970	8	24.88	14.15	840.59	60.5	390	0
1970	9	20.21	10.39	696.47	131.32	390	0
1970	10	13.7	3.77000000000004	525.39	288.98	390	0
1970	11	7.89000000000004	-0.0199999999999818	416.6	108.35	390	0
1970	12	2.07000000000005	-8.62	389.54	97.7	390	0
1971	1	-1.28999999999996	-11.24	425.1	33.94	390	0
1971	2	2.61000000000001	-6.38999999999999	498.52	75.33	390	0
1971	3	5.93000000000001	-3.44999999999999	747.94	85.5	390	0
1971	4	12.41	1.91000000000003	814.53	124.38	390	0
1971	5	16.8	6.13	903.58	80.34	390	0
1971	6	20.1	9.80000000000001	849.17	94.26	390	0
1971	7	24.47	14.14	795.12	88.09	390	0
1971	8	23.25	12.73	828.26	152.59	390	0
1971	9	19.44	8.69	759.78	136.32	390	0
1971	10	12.79	3.15000000000003	591.66	159.71	390	0
1971	11	9.53000000000003	0.260000000000048	446.82	102.28	390	0
1971	12	2.97000000000003	-7.10999999999996	412.2	58.91	390	0
1972	1	-3.56	-14.31	425.02	78.81	390	0
1972	2	-0.529999999999973	-11.74	578.97	30.07	390	0
1972	3	6.52000000000004	-2.48999999999995	666.02	112.88	390	0
1972	4	10.02	0.78000000000003	754.16	192.41	390	0
1972	5	17.77	6.56	892.71	89.29	390	0
1972	6	22.69	11.14	887.96	96	390	0
1972	7	23.65	13.61	840.65	69.76	390	0
1972	8	24.99	14.17	866.4	65.99	390	0
1972	9	19.93	10.6	655.6	142.55	390	0
1972	10	13.9	4.15000000000003	607.22	26.25	390	0
1972	11	8.63	-0.67999999999995	485.57	63.82	390	0
1972	12	4.14000000000004	-4.83999999999997	378.84	120.38	390	0
1973	1	0.82000000000005	-7.83999999999997	422.51	80.25	390	0
1973	2	1.80000000000001	-8.12	456.71	83.51	390	0
1973	3	5.53000000000003	-4.41999999999996	627.52	82.24	390	0
1973	4	12.84	2.65000000000003	655.25	177.73	390	0
1973	5	17.9	7	808.62	223.13	390	0
1973	6	21.0700000000001	10.6	829.34	113.68	390	0
1973	7	24.75	15.08	801.7	85.02	390	0
1973	8	25.47	14.63	797.26	60.08	390	0
1973	9	20.8	10.44	718.98	154.41	390	0
1973	10	11.9	2.81	525.73	139.22	390	0
1973	11	7.45000000000005	-1.73999999999995	423.61	169.38	390	0
1973	12	3.71000000000004	-6.00999999999999	331.9	101.29	390	0
1974	1	-1.32999999999998	-11.31	426.72	131.28	390	0
1974	2	2.33000000000004	-7.70999999999998	501.13	74.34	390	0
1974	3	4.63	-4.45999999999998	692.03	86.62	390	0
1974	4	12.65	1.89000000000004	770.15	83.75	390	0
1974	5	17.38	6.88	771.49	104.9	390	0
1974	6	20.49	10.24	827.26	124.21	390	0
1974	7	24.34	13.69	856.01	76.14	390	0
1974	8	23.58	13.64	750.46	102.64	390	0
1974	9	18.96	8.15000000000003	775.63	100.97	390	0
1974	10	12.18	2.75	548.91	84.04	390	0
1974	11	7.14000000000004	-1.34999999999997	425.86	152.63	390	0
1974	12	2.71000000000004	-5.85999999999996	354.67	141	390	0
1975	1	-1.25999999999999	-12.89	457.79	24.18	390	0
1975	2	1.21000000000004	-8.94	555.67	83.07	390	0
1975	3	7.21000000000004	-2.84999999999997	568.54	77.12	390	0
1975	4	11.18	1	807.42	121.55	390	0
1975	5	16.6	5.56	855.88	118.43	390	0
1975	6	21.76	11.54	798.63	115.61	390	0
1975	7	24.1	13.75	846.64	128.36	390	0
1975	8	23.31	13.5	777.83	208.23	390	0
1975	9	19.76	10.71	638.7	122.05	390	0
1975	10	14.73	4.45000000000005	585.19	107.92	390	0
1975	11	8.60000000000002	-1.09999999999997	474.29	79.53	390	0
1975	12	3.75	-6.02999999999997	371.85	114.38	390	0
1976	1	-1.46999999999997	-11.1	410.33	86.2	390	0
1976	2	-2.04999999999995	-12.19	523.69	15.18	390	0
1976	3	5.26000000000005	-4.00999999999999	663.13	59.84	390	0
1976	4	11.21	1.01000000000005	771.43	81.57	390	0
1976	5	16.19	5.97000000000003	800.82	109.98	390	0
1976	6	21.38	10.39	878.5	185.34	390	0
1976	7	24.66	13.97	871.87	92.03	390	0
1976	8	24.34	14.12	847.69	43.19	390	0
1976	9	19.36	9.04000000000002	765.95	93.68	390	0
1976	10	14.05	3.59000000000003	618.98	92.4	390	0
1976	11	9.46000000000004	0.720000000000027	435.07	199.33	390	0
1976	12	0.53000000000003	-8.91999999999996	382.24	49.39	390	0
1977	1	-1.17999999999995	-10.2	409.75	109.67	390	0
1977	2	3.13	-7.19999999999999	451.27	150.2	390	0
1977	3	6.80000000000001	-3.13	717.91	70.54	390	0
1977	4	12.64	1.98000000000002	766.37	73.75	390	0
1977	5	17.94	6.75	787.1	132.92	390	0
1977	6	22.08	11.12	868.23	93.64	390	0
1977	7	23.5	13.25	868.75	127.46	390	0
1977	8	22.63	12.61	879.43	87.16	390	0
1977	9	21.09	10.91	732.45	51.52	390	0
1977	10	14.79	4.74000000000001	575.78	278.97	390	0
1977	11	8.25	-0.329999999999984	443.57	32.25	390	0
1977	12	3.47000000000003	-5.76999999999998	403.49	112.27	390	0
1978	1	-1.13999999999999	-11.45	410.99	94.46	390	0
1978	2	1.11000000000001	-9.14999999999998	553.16	47.93	390	0
1978	3	7.40000000000003	-1.27999999999997	621.98	146.44	390	0
1978	4	11.5700000000001	1.85000000000002	723.61	97.84	390	0
1978	5	18.36	7.99000000000001	696.2	163.12	390	0
1978	6	24.34	12.56	899.93	168.91	390	0
1978	7	25.0700000000001	14.27	837.16	125.88	390	0
1978	8	25.19	14.27	884.19	31.41	390	0
1978	9	20.83	9.84000000000003	760.64	87.54	390	0
1978	10	14.03	3.63	621.13	39.86	390	0
1978	11	7.19	-1.84999999999997	491.27	144.33	390	0
1978	12	4.10000000000002	-5.58999999999997	373.18	106.63	390	0
1979	1	-0.560000000000002	-10.07	380.61	170.87	390	0
1979	2	-4.00999999999999	-15.22	551.06	53.07	390	0
1979	3	3.62	-6.27999999999997	633.46	191.81	390	0
1979	4	10.4	0.960000000000036	716.12	166.75	390	0
1979	5	17.56	7.08000000000004	799.19	87.69	390	0
1979	6	21.45	11.36	804.07	104.6	390	0
1979	7	25.62	14.43	894.73	65.37	390	0
1979	8	23.48	13.56	761	111.69	390	0
1979	9	22.5	11.74	699.55	129.3	390	0
1979	10	14.25	5.09000000000003	509.38	107.03	390	0
1979	11	9.5	0.53000000000003	490.69	118.32	390	0
1979	12	3.98000000000002	-5.25999999999999	325.91	205.39	390	0
1980	1	0.490000000000009	-8.46999999999997	400.73	134.78	390	0
1980	2	1.81	-7.60999999999996	465.66	104.47	390	0
1980	3	5.5	-3.08999999999997	606.89	89.47	390	0
1980	4	10.94	1.08000000000004	728.37	107.3	390	0
1980	5	18.94	7.67000000000002	776.13	109.45	390	0
1980	6	22.46	12.58	774.53	70.51	390	0
1980	7	26.43	14.63	912.71	93.56	390	0
1980	8	25.14	14.5700000000001	842.4	53.03	390	0
1980	9	20.12	10.25	678.09	107.28	390	0
1980	10	13.46	3.85000000000002	568.37	135.61	390	0
1980	11	9.93000000000001	1.59000000000003	487.64	108.81	390	0
1980	12	4.15000000000003	-5.14999999999998	359.72	149.76	390	0
1981	1	0.0100000000000477	-8.98999999999995	382.83	132.82	390	0
1981	2	1.81	-8.96999999999997	501.78	96.17	390	0
1981	3	4.45000000000005	-5.78999999999996	608.83	150.8	390	0
1981	4	10.25	0.200000000000045	809.68	44.43	390	0
1981	5	17.83	6.66000000000003	858.3	106.38	390	0
1981	6	23.3	11.73	918.54	72.16	390	0
1981	7	26.5	15.86	819.13	75.72	390	0
1981	8	26.21	14.61	830.07	68.24	390	0
1981	9	21.17	10.3200000000001	773.64	44.91	390	0
1981	10	12.89	3.24000000000001	585.13	128.1	390	0
1981	11	9.22000000000003	1.13	429.1	107.63	390	0
1981	12	5.79000000000002	-2.76999999999998	399.81	152.6	390	0
1982	1	2.32000000000005	-8.01999999999998	390.03	200.13	390	0
1982	2	0.79000000000002	-11.19	513.96	48.54	390	0
1982	3	4.49000000000001	-4.44999999999999	703.11	71.71	390	0
1982	4	11.3200000000001	0.800000000000011	817.99	50.25	390	0
1982	5	15.9	6.09000000000003	835.14	66.17	390	0
1982	6	23.39	11.81	931.79	40.87	390	0
1982	7	26.85	14.89	882.05	65.8	390	0
1982	8	25.3200000000001	15.09	728.83	111.58	390	0
1982	9	20.16	10.43	641.89	270.53	390	0
1982	10	14.54	4.91000000000003	616.02	33.75	390	0
1982	11	7.16000000000003	-1.81999999999999	433	170.3	390	0
1982	12	5.80000000000001	-3.28999999999996	392.46	29.13	390	0
1983	1	3.01000000000005	-5.50999999999999	362.34	114.72	390	0
1983	2	-1.31999999999999	-11.14	572.26	18.11	390	0
1983	3	5.05000000000001	-4.06999999999999	595.45	192.48	390	0
1983	4	11.73	1.61000000000001	757.43	193.86	390	0
1983	5	18.26	7.33000000000004	749.17	134.54	390	0
1983	6	20.93	10.52	853.94	103.92	390	0
1983	7	25.24	14.76	805.4	88.14	390	0
1983	8	23.45	13.36	814.92	94.84	390	0
1983	9	19.59	9.37	719.6	47.66	390	0
1983	10	14.77	4.73000000000002	636.51	41.26	390	0
1983	11	7.65000000000003	-0.529999999999973	442.06	199.69	390	0
1983	12	4.21000000000004	-3.23999999999995	348.73	186.4	390	0
1984	1	2.22000000000003	-5.46999999999997	392.41	122.25	390	0
1984	2	2.20000000000005	-6.84999999999997	549.59	86.22	390	0
1984	3	4.59000000000003	-3.79999999999995	622.04	226.89	390	0
1984	4	10.98	1.91000000000003	665.21	288.72	390	0
1984	5	15.69	5.88	788.79	43.98	390	0
1984	6	22.11	11.41	875.12	104.95	390	0
1984	7	24.67	14.24	790.57	88.39	390	0
1984	8	23.43	13.47	787.88	77.32	390	0
1984	9	20.99	10.69	719.68	106.05	390	0
1984	10	14.22	4.11000000000001	584.11	163.84	390	0
1984	11	9.04000000000002	1.04000000000002	424.25	257.34	390	0
1984	12	3.05000000000001	-6.98999999999995	370.15	124.36	390	0
1985	1	-1.08999999999997	-11.39	467.56	52.84	390	0
1985	2	3.63	-5.46999999999997	422.43	170.63	390	0
1985	3	5.42000000000002	-4.13	729.01	103.52	390	0
1985	4	9.34000000000003	0.210000000000036	694.14	185.25	390	0
1985	5	18.3	7.07000000000005	829.32	50.07	390	0
1985	6	23.52	12.25	876.37	64	390	0
1985	7	26.02	15.2	863.48	51.6	390	0
1985	8	25.56	13.99	902.36	77.05	390	0
1985	9	21.2	10.71	689.22	196.08	390	0
1985	10	13.78	4.52000000000004	529.99	135.48	390	0
1985	11	6.75	-1.39999999999998	457.44	88.93	390	0
1985	12	3.69	-5.45999999999998	393.17	40.82	390	0
1986	1	-2.42999999999995	-13.86	431.45	71.02	390	0
1986	2	1.53000000000003	-8.78999999999996	500.78	125.01	390	0
1986	3	5.55000000000001	-4.13999999999999	668.18	71.65	390	0
1986	4	11.2	1.38	738.93	141.29	390	0
1986	5	18.03	7.33000000000004	751.28	85.01	390	0
1986	6	21.13	11	764.77	144.09	390	0
1986	7	25.67	15.39	838.34	97.21	390	0
1986	8	24.66	14.78	784.79	99	390	0
1986	9	18.97	9.44	725.48	101.54	390	0
1986	10	13.55	3.93000000000001	575.23	228.45	390	0
1986	11	7.19	-0.859999999999957	459.64	56.46	390	0
1986	12	1.46000000000004	-7.15999999999997	350.28	183.78	390	0
1987	1	0.610000000000014	-7.72999999999996	399.78	104.94	390	0
1987	2	2.58000000000004	-6.25999999999999	427.4	141.23	390	0
1987	3	5.76000000000005	-3.67999999999995	666.71	90.14	390	0
1987	4	11.2	1.06	746.02	90.24	390	0
1987	5	17.81	6.42000000000002	825.87	131.29	390	0
1987	6	22.78	11.89	873.54	78.42	390	0
1987	7	25.68	14.94	867.45	108.31	390	0
1987	8	25.14	14.44	791.36	119.33	390	0
1987	9	20.09	10.11	676.97	64.08	390	0
1987	10	12.8200000000001	3.56	566.2	150.94	390	0
1987	11	8.67000000000002	-0.310000000000002	465.35	148.88	390	0
1987	12	3.16000000000003	-5.22999999999996	408.62	130.21	390	0
1988	1	2.31	-6.20999999999998	388.35	163.8	390	0
1988	2	2.27000000000004	-7.77999999999997	524.15	86.02	390	0
1988	3	5.55000000000001	-4.01999999999998	611.97	206.15	390	0
1988	4	13.18	2.86000000000001	739.86	194.42	390	0
1988	5	17.45	6.41000000000003	860.35	70.05	390	0
1988	6	24.49	12.5700000000001	885.54	91.88	390	0
1988	7	24.04	13.51	828.56	120.92	390	0
1988	8	24.4	13.94	859.25	80.53	390	0
1988	9	21.84	10.98	745.93	99.07	390	0
1988	10	14.46	3.81	660.77	40.92	390	0
1988	11	8.88	-0.289999999999964	486.42	38.89	390	0
1988	12	1.31	-8.69999999999999	372.35	98.83	390	0
1989	1	-2.83999999999997	-13.27	466.12	49.06	390	0
1989	2	3.18000000000001	-5.70999999999998	522.98	64.51	390	0
1989	3	9.22000000000003	-1.71999999999997	637.69	98.81	390	0
1989	4	11.28	1.12	801.75	99.73	390	0
1989	5	16.0700000000001	5.65000000000003	880.06	77.57	390	0
1989	6	21.96	11.37	828.74	36.55	390	0
1989	7	27.66	15.64	881.1	65.83	390	0
1989	8	26.51	14.87	881.14	50.05	390	0
1989	9	20	10.17	727.66	146.96	390	0
1989	10	15.59	5.53000000000003	608.13	48.28	390	0
1989	11	10.25	2.92000000000002	353.47	168.39	390	0
1989	12	4.67000000000002	-4.06	395.9	172.45	390	0
1990	1	2.18000000000001	-7.40999999999997	390.83	119.2	390	0
1990	2	2.11000000000001	-7.95999999999998	521.76	80.67	390	0
1990	3	6.12	-3.60999999999996	625.9	116.26	390	0
1990	4	10.25	0.490000000000009	767.67	169.22	390	0
1990	5	15.73	5.87	735.48	182.06	390	0
1990	6	21.23	11.37	773.73	136.95	390	0
1990	7	25.55	14.76	867.33	51.21	390	0
1990	8	23.75	13.46	834.77	83.18	390	0
1990	9	19.55	10	698.27	39.04	390	0
1990	10	13.46	4.43000000000001	566.42	218.03	390	0
1990	11	7.37	-1.94	465.08	81.13	390	0
1990	12	3.01000000000005	-6.31999999999999	392.81	147.16	390	0
1991	1	-0.859999999999957	-10.62	424.08	79.97	390	0
1991	2	2.86000000000001	-6.32999999999998	425.31	142.1	390	0
1991	3	5.12	-4.71999999999997	663.46	145.93	390	0
1991	4	10.3200000000001	0.920000000000016	756.63	144.19	390	0
1991	5	18.18	7.17000000000002	776.26	97.19	390	0
1991	6	22.09	11.0700000000001	903.36	35.46	390	0
1991	7	25.69	14.74	897.35	76.18	390	0
1991	8	23.06	12.39	880.5	35.75	390	0
1991	9	20.29	9.92000000000002	770.17	77.84	390	0
1991	10	14.16	4.98000000000002	541.59	129.23	390	0
1991	11	8.18000000000001	-0.71999999999997	462.81	173.06	390	0
1991	12	4.53000000000003	-2.98999999999995	369.52	69.68	390	0
1992	1	-0.899999999999977	-10.52	411.79	66.81	390	0
1992	2	1.43000000000001	-8.03999999999996	543.03	74.75	390	0
1992	3	4.16000000000003	-5.09999999999997	720.92	69.58	390	0
1992	4	11.96	2.22000000000003	705.04	131.75	390	0
1992	5	16.21	6.27000000000004	753.39	85.49	390	0
1992	6	20.73	10.52	846.03	95.52	390	0
1992	7	23.8	13.49	858.21	50.21	390	0
1992	8	21.66	11.84	789.16	62.5	390	0
1992	9	20.27	10.92	690.98	183.26	390	0
1992	10	13.29	3.87	560.97	141.07	390	0
1992	11	7.87	-0.639999999999986	428.22	170.53	390	0
1992	12	4.10000000000002	-4.26999999999998	331.44	195.95	390	0
1993	1	-2.23999999999995	-11.03	414.08	63.19	390	0
1993	2	0.720000000000027	-8.94	443.57	297.17	390	0
1993	3	6.48000000000002	-3.33999999999997	785.8	46.02	390	0
1993	4	14.01	3.30000000000001	716.85	121.77	390	0
1993	5	17.23	7.02000000000004	705.23	91.02	390	0
1993	6	22.33	11.3200000000001	883.71	81.96	390	0
1993	7	24.16	14.22	800.7	76.64	390	0
1993	8	25.23	15.02	851.23	42.11	390	0
1993	9	21.61	11.46	670.15	124.08	390	0
1993	10	14.64	5	556.38	87.46	390	0
1993	11	9.95000000000005	0.400000000000034	478.19	191.28	390	0
1993	12	2.5	-7.51999999999998	392.76	74.7	390	0
1994	1	0.960000000000036	-9.04999999999995	413.09	52.79	390	0
1994	2	4.97000000000003	-4	570.94	33.68	390	0
1994	3	7.22000000000003	-2.37	674.85	96.64	390	0
1994	4	12.62	1.85000000000002	837.64	54.12	390	0
1994	5	17.86	6.64000000000004	898.05	67.38	390	0
1994	6	22.71	11.33	927.23	74.93	390	0
1994	7	25.21	15.05	788.68	113.99	390	0
1994	8	26.98	15.09	882.38	34.04	390	0
1994	9	19.7	9.77000000000004	743.35	61.86	390	0
1994	10	15.89	6.02000000000004	563.35	18.08	390	0
1994	11	9.49000000000001	0.480000000000018	453.56	90.72	390	0
1994	12	2.94	-6.51999999999998	352.48	121.31	390	0
1995	1	3.86000000000001	-5.70999999999998	384.47	125.49	390	0
1995	2	4.45000000000005	-5.15999999999997	546.18	42.85	390	0
1995	3	7.97000000000003	-2.06999999999999	711.76	75.66	390	0
1995	4	11.84	1.33000000000004	793.93	55.31	390	0
1995	5	18.45	7.31	798.59	158.29	390	0
1995	6	22.68	12.09	781.6	201.62	390	0
1995	7	24.19	14.12	824.38	211.91	390	0
1995	8	23.76	13.63	760.68	110.89	390	0
1995	9	19.84	10.12	741.12	88.18	390	0
1995	10	14.44	4.51000000000005	543.34	115.66	390	0
1995	11	10.59	1.31	431.88	80.82	390	0
1995	12	0.0300000000000296	-9.38	429.86	35.37	390	0
1996	1	-0.46999999999997	-11.53	396.18	93.29	390	0
1996	2	3.09000000000003	-7.40999999999997	529.84	28.64	390	0
1996	3	5.10000000000002	-4.10999999999996	603.61	193.02	390	0
1996	4	13.15	1.71000000000004	792.37	81.93	390	0
1996	5	17.31	6.65000000000003	823.03	81.54	390	0
1996	6	21.63	11.85	768.1	220.37	390	0
1996	7	26.13	14.84	889.9	82.29	390	0
1996	8	25.0700000000001	14.51	848.76	81.24	390	0
1996	9	22.28	12.6	635.88	104.37	390	0
1996	10	14.4	4.88	599.77	125.35	390	0
1996	11	8.98000000000002	-0.299999999999955	393.85	95.43	390	0
1996	12	4.68000000000001	-3.81999999999999	333.47	133.76	390	0
1997	1	0.28000000000003	-9.35999999999996	442.08	42.93	390	0
1997	2	0.420000000000016	-8.12	522.71	25.2	390	0
1997	3	5.63	-3.66999999999996	671.59	158.56	390	0
1997	4	12.44	2.21000000000004	771.82	63	390	0
1997	5	19.12	8.32000000000005	810.62	53.95	390	0
1997	6	22.28	11.44	822.29	170.13	390	0
1997	7	24.92	14.98	825.32	48.18	390	0
1997	8	24.4	13.63	858.35	51.88	390	0
1997	9	20.1	10.23	716.81	116.75	390	0
1997	10	14.2	5.45000000000005	498.29	154.71	390	0
1997	11	7.40000000000003	-0.919999999999959	431.21	158.05	390	0
1997	12	3.22000000000003	-5.45999999999998	364.89	178.78	390	0
1998	1	-0.0199999999999818	-9.19999999999999	413.24	161.8	390	0
1998	2	-1.77999999999997	-11.17	554.63	35.86	390	0
1998	3	6.5	-2.19	708.89	126.65	390	0
1998	4	10.64	1.25	736.22	87.57	390	0
1998	5	19.71	7.90000000000003	831.99	102.78	390	0
1998	6	23.46	11.75	889.72	85.02	390	0
1998	7	26.4	15.36	829.07	153.28	390	0
1998	8	25.1	14.34	840.2	71.91	390	0
1998	9	20.12	9.26000000000005	768.23	98.04	390	0
1998	10	15.5700000000001	5.57000000000005	623.01	58.14	390	0
1998	11	8.91000000000003	0.460000000000036	437.53	153.46	390	0
1998	12	1.05000000000001	-9.32999999999998	411.63	92.06	390	0
1999	1	0.240000000000009	-9.20999999999998	433.46	75.74	390	0
1999	2	3.97000000000003	-4.81	474.09	65.49	390	0
1999	3	7.54000000000002	-2.62	714.2	62.97	390	0
1999	4	11.18	1.45000000000005	734.61	155.91	390	0
1999	5	16.73	6.39000000000004	815.41	69.68	390	0
1999	6	23.05	12.01	841.93	112.27	390	0
1999	7	25.99	16.19	821.9	78.31	390	0
1999	8	24.87	14.85	823.16	83.79	390	0
1999	9	21.02	10.37	709.79	127.81	390	0
1999	10	14.39	5.22000000000003	556.81	185.98	390	0
1999	11	8.37	-0.0999999999999659	454.31	155.3	390	0
1999	12	4.16000000000003	-2.47999999999996	358.24	56.84	390	0
2000	1	2.08000000000004	-7.19999999999999	388.51	147.98	390	0
2000	2	1.14000000000004	-8.59999999999997	560.89	66.4	390	0
2000	3	5.55000000000001	-3.17999999999995	635.11	98.4	390	0
2000	4	12.15	2.08000000000004	758.97	86.7	390	0
2000	5	15.8200000000001	5.69	829.38	117.76	390	0
2000	6	22.18	12.13	775.29	147.59	390	0
2000	7	25.51	14.58	892.09	56.11	390	0
2000	8	24.51	14.28	835.48	38	390	0
2000	9	21.08	11.05	715.71	127.33	390	0
2000	10	14.66	4.99000000000001	603.25	101.4	390	0
2000	11	7.10000000000002	-0.75	442.77	169.49	390	0
2000	12	1.45000000000005	-7.53999999999996	369.4	109.74	390	0
2001	1	-1.81999999999999	-12.83	407.78	40.15	390	0
2001	2	0.930000000000007	-8.28999999999996	472.77	121.2	390	0
2001	3	5.09000000000003	-4	621.82	77.7	390	0
2001	4	11.5700000000001	1.80000000000001	762.3	148.35	390	0
2001	5	16.77	6.67000000000002	878.14	136.2	390	0
2001	6	24.46	12.38	904.25	42.68	390	0
2001	7	26.68	16.74	821.41	48.63	390	0
2001	8	26.41	15.47	834.03	69.25	390	0
2001	9	20.92	10.24	797.66	46.22	390	0
2001	10	15.41	7.14000000000004	453.06	304.94	390	0
2001	11	11.97	2.25	433.17	175.31	390	0
2001	12	3.84000000000003	-3.91999999999996	368.01	62.2	390	0
2002	1	0.32000000000005	-9.64999999999998	379.55	91.17	390	0
2002	2	0.770000000000039	-9.29999999999995	543.79	57.91	390	0
2002	3	4.84000000000003	-4.54999999999995	765.23	69.81	390	0
2002	4	13.25	2.18000000000001	779.28	86.43	390	0
2002	5	16.14	6.45000000000005	825.2	153.92	390	0
2002	6	20.79	10.94	793.47	74.94	390	0
2002	7	26.25	15.44	868.8	52.47	390	0
2002	8	24.94	14.85	796.29	59.39	390	0
2002	9	20.45	10.66	713.55	176.21	390	0
2002	10	14.79	5.43000000000001	553.28	213.15	390	0
2002	11	9.25	0.689999999999998	488.47	89.15	390	0
2002	12	4.31	-4.33999999999997	373.52	83.94	390	0
2003	1	-0.529999999999973	-11.7	422.9	102.09	390	0
2003	2	3.61000000000001	-5.65999999999997	518.82	124.82	390	0
2003	3	6.24000000000001	-3.07999999999998	709.44	119.8	390	0
2003	4	11.71	1.52000000000004	798.73	127.83	390	0
2003	5	18.28	7.54000000000002	761.89	151.9	390	0
2003	6	22.2	11.24	873.43	59.09	390	0
2003	7	24.77	14.55	840.21	119.28	390	0
2003	8	24.78	15.56	698.68	311.15	390	0
2003	9	21.96	11.44	737.03	45.6	390	0
2003	10	14.52	5.05000000000001	530.57	93.35	390	0
2003	11	8.44	0.860000000000014	387.96	135.53	390	0
2003	12	3.47000000000003	-5	415.44	66	390	0
2004	1	1.39000000000004	-7.19	383.91	199.78	390	0
2004	2	2.09000000000003	-6.32999999999998	461.81	85.63	390	0
2004	3	4.73000000000002	-3.50999999999999	601.95	111.92	390	0
2004	4	11.13	1.73000000000002	769.36	113.96	390	0
2004	5	18.76	7.55000000000001	849.33	34.39	390	0
2004	6	24.52	14.23	769.53	131.26	390	0
2004	7	25.43	14.64	833.73	83.15	390	0
2004	8	25.83	14.62	890.6	38.64	390	0
2004	9	19.49	9.71000000000004	717.25	125.02	390	0
2004	10	13.88	5.16000000000003	489.52	265.59	390	0
2004	11	9.41000000000003	0.860000000000014	434.57	116.42	390	0
2004	12	2.38	-6.67999999999995	384.01	118.61	390	0
2005	1	1.39000000000004	-8.90999999999997	439.04	85.64	390	0
2005	2	1.95000000000005	-8.63999999999999	493.51	67.04	390	0
2005	3	7.88	-2.10999999999996	729.25	61.44	390	0
2005	4	12.92	2.44	791.59	82.74	390	0
2005	5	18.3200000000001	7.19	854.64	130.8	390	0
2005	6	24.0700000000001	12.06	926.2	140.71	390	0
2005	7	25.94	15.49	849.59	137.01	390	0
2005	8	25.98	15.41	868.6	67.42	390	0
2005	9	22.17	10.97	815.21	51.6	390	0
2005	10	15.8	5.81	543.71	166.54	390	0
2005	11	12.36	3.16000000000003	474.94	136.77	390	0
2005	12	2.33000000000004	-6.44999999999999	404.98	79.02	390	0
2006	1	1.82000000000005	-7.60999999999996	414.42	139.59	390	0
2006	2	-0.92999999999995	-11.09	526.39	91.44	390	0
2006	3	6.81	-2.20999999999998	696.12	67.92	390	0
2006	4	11.86	1.24000000000001	753.6	125.92	390	0
2006	5	19.22	7.65000000000003	841.94	103.61	390	0
2006	6	23.04	12.18	872.17	61.32	390	0
2006	7	25.29	15.09	805.77	141.81	390	0
2006	8	24.65	14.27	846.83	30.15	390	0
2006	9	22.35	11.28	773.22	82.49	390	0
2006	10	15.03	5.13	535.32	268.66	390	0
2006	11	7.39000000000004	-1.01999999999998	460.63	111.43	390	0
2006	12	4.48000000000002	-5.27999999999997	361.32	177.83	390	0
2007	1	2.23000000000002	-6.20999999999998	417.44	213.9	390	0
2007	2	3.04000000000002	-5.07999999999998	484.45	160.98	390	0
2007	3	4.98000000000002	-3.90999999999997	734.1	135.03	390	0
2007	4	12.5	2.70000000000005	698	282.19	390	0
2007	5	20.36	9.30000000000001	748.21	76.71	390	0
2007	6	24.5	12.31	968.29	56.08	390	0
2007	7	26.91	15.94	859.28	92.01	390	0
2007	8	27.38	15.81	897	83.23	390	0
2007	9	22.37	10.8	797.36	95.45	390	0
2007	10	16.05	5.75	605.86	84.57	390	0
2007	11	9.48000000000002	-0.409999999999968	501.11	69.08	390	0
2007	12	4.92000000000002	-4.19999999999999	366.61	115.69	390	0
2008	1	-1.52999999999997	-11.5	396.11	124.38	390	0
2008	2	-0.669999999999959	-10.2	558.71	34.65	390	0
2008	3	7.18000000000001	-2.34999999999997	644.22	124.09	390	0
2008	4	11.54	1.46000000000004	821.4	176.19	390	0
2008	5	17.55	6.74000000000001	884.87	34.58	390	0
2008	6	23.55	12.24	887.57	46.86	390	0
2008	7	25.92	15.13	886.73	61.46	390	0
2008	8	25.04	15.0700000000001	825.34	65.27	390	0
2008	9	20.69	10.22	768.86	157.79	390	0
2008	10	15.77	6.24000000000001	553.42	151.18	390	0
2008	11	12.53	2.81	442.04	138.02	390	0
2008	12	5.77000000000004	-4.01999999999998	389.26	56.58	390	0
2009	1	-0.189999999999998	-10.54	427.59	97.04	390	0
2009	2	2.05000000000001	-8.19	542.96	62	390	0
2009	3	4.46000000000004	-4.79999999999995	679.22	70.54	390	0
2009	4	12.21	2.14000000000004	770.26	147.34	390	0
2009	5	17.42	7.21000000000004	792.11	52.75	390	0
2009	6	23.43	12.8200000000001	869.58	88.29	390	0
2009	7	25.8200000000001	16.61	751.19	136.45	390	0
2009	8	26.41	15.05	891.96	42.75	390	0
2009	9	22.22	11.64	739.58	107.82	390	0
2009	10	15.75	5.99000000000001	600.63	66.69	390	0
2009	11	8.78000000000003	0.350000000000023	492.54	179.37	390	0
2009	12	3.49000000000001	-5.13999999999999	443.47	27.84	390	0
2010	1	1.65000000000003	-6.81	383.73	98.72	390	0
2010	2	3.58000000000004	-5.19999999999999	537.24	77.12	390	0
2010	3	7.16000000000003	-1.13	685.99	85.61	390	0
2010	4	11.36	2.01000000000005	715.7	201.51	390	0
2010	5	17.5	7.85000000000002	705.09	145.98	390	0
2010	6	22.9	11.99	870.34	42.54	390	0
2010	7	26.3	15.56	879.61	60	390	0
2010	8	24.42	14.25	806.79	128.35	390	0
2010	9	20.5	10.59	734.03	131.1	390	0
2010	10	15.53	5.53000000000003	650.09	32.31	390	0
2010	11	8.99000000000001	-0.560000000000002	497.5	158.52	390	0
2010	12	3.79000000000002	-4.25999999999999	393.91	30.74	390	0
2011	1	4.08000000000004	-2.82999999999998	338.34	176.14	390	0
2011	2	1.44	-6.08999999999997	415.74	120.65	390	0
2011	3	7.23000000000002	-0.810000000000002	552.27	216.99	390	0
2011	4	13.1	3.03000000000003	693.76	189.55	390	0
2011	5	18.48	7.13	864.34	75.75	390	0
2011	6	24.72	13.77	864.06	85.4	390	0
2011	7	26.61	16.44	783.19	147.36	390	0
2011	8	26.18	15.38	836.31	69.06	390	0
2011	9	22.5	11.75	723.96	219.98	390	0
2011	10	16.36	6.05000000000001	666.02	95.23	390	0
2011	11	10.37	0.760000000000048	532.14	61.03	390	0
2011	12	3.25	-6.06999999999999	407.17	48.05	390	0
2012	1	0.140000000000043	-9.25	382.44	106.5	390	0
2012	2	1.06	-8.95999999999998	487.19	146.55	390	0
2012	3	8.90000000000003	0.25	647.8	150.97	390	0
2012	4	11.85	1.78000000000003	714.28	158.41	390	0
2012	5	16.2	6.38	745.65	242.25	390	0
2012	6	22.88	13.04	779.46	76.32	390	0
2012	7	25.77	16.26	787.43	88.87	390	0
2012	8	25.51	15.42	813.51	100.96	390	0
2012	9	20.83	10.77	742.52	117.79	390	0
2012	10	15.11	4.91000000000003	637.75	84.56	390	0
2012	11	9.88	1.13	490.82	84.52	390	0
2012	12	6.09000000000003	-3.02999999999997	371.85	104.76	390	0
2013	1	-0.539999999999964	-9.37	382.42	93	390	0
2013	2	2.46000000000004	-8.00999999999999	558.33	46.98	390	0
2013	3	7.43000000000001	-2.22999999999996	676.63	122.35	390	0
2013	4	11.33	1.59000000000003	757.13	117.47	390	0
2013	5	16.73	6.81	814.02	80.63	390	0
2013	6	23.42	12.04	869.02	131.01	390	0
2013	7	26.43	15.39	905.51	70.68	390	0
2013	8	25.31	15.2	828.86	51.32	390	0
2013	9	20.88	10.44	732.43	135.2	390	0
2013	10	15.12	4.41000000000003	637.22	55.52	390	0
2013	11	8.19	0.330000000000041	437.1	140.04	390	0
2013	12	3.51000000000005	-5.75999999999999	344.23	119.59	390	0
2014	1	-0.20999999999998	-9.51999999999998	430.63	81.92	390	0
2014	2	1.28000000000003	-8.20999999999998	476.44	108.29	390	0
2014	3	7.28000000000003	-2.35999999999996	622.16	139.85	390	0
2014	4	13.78	3.21000000000004	819.55	79.43	390	0
2014	5	20.38	7.46000000000004	941.42	72.54	390	0
2014	6	22.93	12.49	795.72	135.38	390	0
2014	7	27.27	15.93	941.91	43.62	390	0
2014	8	25.53	15.5700000000001	760.24	110.27	390	0
2014	9	21.38	12.0700000000001	700.11	103.41	390	0
2014	10	14.3200000000001	3.85000000000002	660	63.58	390	0
2014	11	7.52000000000004	-0.519999999999982	401.6	142.88	390	0
2014	12	1.56	-7.45999999999998	395.73	61.99	390	0
2015	1	-1.78999999999996	-11.33	417.21	94.97	401.63	0
2015	2	0.610000000000014	-9.56	562.22	45.74	402.55	0
2015	3	3.51000000000005	-5.34999999999997	642.37	212.38	403.53	0
2015	4	12.63	2.23000000000002	652.94	249.14	404.99	0
2015	5	16.76	7.19	730.21	137.64	405.53	0
2015	6	22.34	11.87	892.21	97.98	404.98	0
2015	7	25.61	15.35	794.11	80.9	403.46	0
2015	8	25.2	15.15	824.24	64.57	400.87	0
2015	9	21.85	12.74	661.15	205.68	399.87	0
2015	10	14.76	4.92000000000002	596.51	78.93	399.73	0
2015	11	9.14000000000004	0.510000000000048	468.19	124.1	401.16	0
2015	12	4.84000000000003	-4.90999999999997	313.51	157.39	402.37	0
2016	1	-0.189999999999998	-9.90999999999997	403.85	84	404.33	0
2016	2	1.97000000000003	-8.47999999999996	513.8	42.96	405.25	0
2016	3	6.37	-4.15999999999997	699.16	202.99	406.23	0
2016	4	13.92	2.92000000000002	798.57	83.63	407.69	0
2016	5	17.92	7.5	769.65	109.46	408.23	0
2016	6	22.12	11.91	846.5	104.94	407.68	0
2016	7	26.62	15.76	868.2	110.46	406.16	0
2016	8	26.13	15.62	866.01	42.42	403.57	0
2016	9	21.2	10.61	732.87	83	402.57	0
2016	10	15.73	5.69	603.37	117.04	402.43	0
2016	11	8.31	-0.779999999999973	501.62	105.3	403.86	0
2016	12	1.03000000000003	-9.42999999999995	411.89	25.8	405.07	0
2017	1	-2.27999999999997	-11.87	406.77	74.2	407.1	0
2017	2	1.08000000000004	-8.32999999999998	492.96	159.44	408.02	0
2017	3	3.17000000000002	-6.47999999999996	650.73	121.55	409	0
2017	4	13.46	3.06	705.21	77.11	410.46	0
2017	5	19.3200000000001	7.90000000000003	779.51	65.08	411	0
2017	6	24.43	13.17	858.12	56.62	410.45	0
2017	7	26.95	15.79	911.54	46.47	408.93	0
2017	8	26.18	15.46	847.11	115.44	406.34	0
2017	9	20.68	10.49	792.83	86.62	405.34	0
2017	10	15.12	5.39000000000004	570.29	107.6	405.2	0
2017	11	8.12	-0.5	474.66	91.57	406.63	0
2017	12	4.88	-3.13999999999999	344.6	139.57	407.84	0
2018	1	2.14000000000004	-6.78999999999996	404.81	185.84	409.93	0
2018	2	4.04000000000002	-5.31	522.56	47.03	410.85	0
2018	3	7.61000000000001	-0.42999999999995	558.23	193.26	411.83	0
2018	4	14.09	4.13	670.19	270.61	413.29	0
2018	5	22.08	9.76000000000005	822.48	60.98	413.83	0
2018	6	23.76	12.39	873.98	147.74	413.28	0
2018	7	27.3	16.95	780.9	123.19	411.76	0
2018	8	26.37	15.84	807.38	104.39	409.17	0
2018	9	20.87	10.5	745.04	142.25	408.17	0
2018	10	16.19	5.36000000000001	618.9	163.48	408.03	0
2018	11	8.67000000000002	-0.599999999999966	451.12	72.72	409.46	0
2018	12	4.25	-4.63	354.15	110.6	410.67	0
2019	1	2.52000000000004	-7.07999999999998	346.98	141.78	412.82	0
2019	2	2.13	-8.01999999999998	478.99	156.82	413.74	0
2019	3	8.11000000000001	-1.19	729.19	75.2	414.72	0
2019	4	11.54	1.30000000000001	794.96	114.42	416.18	0
2019	5	17.78	7.57000000000005	729.68	167.81	416.72	0
2019	6	22.45	12.55	724.27	173.85	416.17	0
2019	7	26.53	16.12	800.97	157.3	414.65	0
2019	8	25.68	15.3	859.06	92.16	412.06	0
2019	9	21.16	11	760.92	73.54	411.06	0
2019	10	15.63	5.55000000000001	559.99	70.56	410.92	0
2019	11	11.7	2.21000000000004	511.21	113.33	412.35	0
2019	12	6.84000000000003	-2	363.33	68.4	413.56	0
2020	1	1.12	-9.84999999999997	404.48	139.68	415.78	0
2020	2	3.75	-6.35999999999996	541.26	80.33	416.7	0
2020	3	6.52000000000004	-2.81	643.73	211.84	417.68	0
2020	4	11.24	1.40000000000003	824.05	68.84	419.14	0
2020	5	16.88	7.05000000000001	767.44	87.9	419.68	0
2020	6	23.71	13.37	840.46	92.06	419.13	0
2020	7	27.84	16.29	900.84	50.86	417.61	0
2020	8	26.06	15.67	833.08	60.94	415.02	0
2020	9	21.74	11.45	725.56	89.58	414.02	0
2020	10	14.46	5.51000000000005	571.83	87.67	413.88	0
2020	11	8.49000000000001	-0.829999999999984	491.49	131.96	415.31	0
2020	12	6.65000000000003	-2.45999999999998	402.09	124.89	416.52	0
2021	1	2.20000000000005	-7.63999999999999	375.62	140.74	418.8	0
2021	2	3.17000000000002	-6.63	506.86	96.64	419.72	0
2021	3	5.93000000000001	-3.34999999999997	627.99	176.55	420.7	0
2021	4	11.58	1.94	783.06	155.99	422.16	0
2021	5	18.05	7.72000000000003	802.51	112.07	422.7	0
2021	6	23.53	12.88	851.79	102.23	422.15	0
2021	7	27.75	15.71	935.01	73	420.63	0
2021	8	26.87	15.42	867.48	63.77	418.04	0
2021	9	20.83	10.9	723.14	92.55	417.04	0
2021	10	15.68	6.17000000000002	577.19	133.08	416.9	0
2021	11	9.81	1.07000000000005	471.49	217.73	418.33	0
2021	12	5.57000000000005	-1.23999999999995	322.53	228.41	419.54	0
2022	1	0.170000000000016	-9.77999999999997	405.82	66.21	421.86	0
2022	2	0.28000000000003	-9.69	529.2	96.89	422.78	0
2022	3	6.27000000000004	-2.29999999999995	662.04	217.79	423.76	0
2022	4	12.39	2.25	824.32	43.23	425.22	0
2022	5	19.86	8.78000000000003	769.06	98.01	425.76	0
2022	6	23.65	13.0700000000001	868.76	86.98	425.21	0
2022	7	27.63	16.33	881.38	51.69	423.69	0
2022	8	26.35	16.03	807.86	77.21	421.1	0
2022	9	21.99	12.09	709.82	88.13	420.1	0
2022	10	14.33	4.01000000000005	628.9	101.54	419.96	0
2022	11	8.65000000000003	0.57000000000005	464.17	110.91	421.39	0
2022	12	5.27000000000004	-3.14999999999998	404.11	131.79	422.6	0
2023	1	2.99000000000001	-5.5	428.8	56.77	424.99	0
2023	2	3.17000000000002	-5.76999999999998	504.35	66.91	425.91	0
2023	3	8.03000000000003	-2.14999999999998	722.16	72.65	426.89	0
2023	4	11.66	0.900000000000034	821.23	64.78	428.35	0
2023	5	17.72	7.17000000000002	829.62	73.18	428.89	0
2023	6	20.39	11.55	743.77	183.02	428.34	0
2023	7	26.78	15.69	894.74	85.28	426.82	0
2023	8	25.5700000000001	15.4	819.67	88.66	424.23	0
2023	9	22.03	11.58	733.24	145.87	423.23	0
2023	10	16.64	7.78000000000003	517.69	172.47	423.09	0
2023	11	7.51000000000005	0.140000000000043	419.43	181.65	424.52	0
2023	12	5.04000000000002	-3.19999999999999	385.25	200.17	425.73	0
2024	1	1.39000000000004	-8.19	427.56	103.21	428.2	0
2024	2	4.02000000000004	-5.81999999999999	472.77	73.12	429.12	0
2024	3	7.45000000000005	-1.54999999999995	566.58	162.37	430.1	0
2024	4	13.1	2.97000000000003	756.92	116.31	431.56	0
2024	5	18.14	7.53000000000003	799.8	108.06	432.1	0
2024	6	21.94	10.86	892.43	143.01	431.55	0
2024	7	25.45	15.87	782.61	117.1	430.03	0
2024	8	26.25	15.55	848.85	97.04	427.44	0
2024	9	22.67	13.02	680.86	225.14	426.44	0
2024	10	16.91	6.89000000000004	585.81	92.22	426.3	0
2024	11	9.66000000000003	0.340000000000032	465.75	163.72	427.73	0
2024	12	4.36000000000001	-5.46999999999997	380.87	226.35	428.94	0
2025	1	-0.859999999999957	-9.33999999999997	369.72	65.22	431.47	0
2025	2	4.94	-3.95999999999998	437.9	143.7	432.39	0
2025	3	8.67000000000002	-0.810000000000002	684.64	40.58	433.37	0
2025	4	12.56	2.76000000000005	736.42	233.99	434.83	0
2025	5	20.73	8.46000000000004	882.68	83.69	435.37	0
2025	6	23.11	11.96	852.48	167.99	434.82	0
2025	7	26.68	17.34	817.92	92.41	433.3	0
2025	8	28.3200000000001	16.55	839.05	185.38	430.71	0
2025	9	23.01	13.14	684.06	80.19	429.71	0
2025	10	16.02	5.45000000000005	604.41	97.74	429.57	0
2025	11	7.01000000000005	-1.13999999999999	438.68	129.1	431	0
2025	12	4.58000000000004	-4.06	350.1	210.79	432.21	0
2026	1	1.83000000000004	-6.52999999999997	358.61	181.02	434.83	0
2026	2	3.64000000000004	-5.63	524.2	87.47	435.75	0
2026	3	9.42000000000002	-0.0600000000000023	612.61	112.56	436.73	0
2026	4	13.1	1.81	807.08	86.12	438.19	0
2026	5	19.79	8.31	849.67	67.54	438.73	0
2026	6	24.75	13.02	910.16	66.24	438.18	0
2026	7	27.05	16.89	810.26	81.88	436.66	0
2026	8	25.89	16.28	802.42	85.54	434.07	0
2026	9	22.69	12.22	788.32	15.72	433.07	0
2026	10	15.61	5.77000000000004	612.9	90.09	432.93	0
2026	11	9.09000000000003	0.0900000000000318	497.32	126.53	434.36	0
2026	12	4.81	-3.39999999999998	391.64	45.97	435.57	0
2027	1	2.56	-7.88	436.58	129.25	438.24	0
2027	2	4.92000000000002	-4.91999999999996	427.17	96.69	439.16	0
2027	3	6.20000000000005	-3.06999999999999	670.81	67.46	440.14	0
2027	4	11.61	1.59000000000003	771.98	165.3	441.6	0
2027	5	17.8200000000001	7.58000000000004	771.15	139.51	442.14	0
2027	6	22.66	12.19	847.5	159.66	441.59	0
2027	7	27.18	15.52	931.76	92.89	440.07	0
2027	8	26.44	15.76	853.12	110.28	437.48	0
2027	9	22.09	11.72	766.94	61.86	436.48	0
2027	10	16.38	6.01000000000005	609.15	59.27	436.34	0
2027	11	8.49000000000001	-0.370000000000005	452.13	49.84	437.77	0
2027	12	3.51000000000005	-5.53999999999996	375.51	84.12	438.98	0
2028	1	2.23000000000002	-8.28999999999996	451.31	65.89	441.72	0
2028	2	5.61000000000001	-4.50999999999999	438.52	91.98	442.64	0
2028	3	7.38	-2.95999999999998	730.77	89.29	443.62	0
2028	4	12.77	2.20000000000005	754.21	135.45	445.08	0
2028	5	22.84	11.69	940.33	39.74	445.62	0
2028	6	26.15	15.42	864.56	47.24	445.07	0
2028	7	27.29	15.26	816.1	132.38	443.55	0
2028	8	22.55	12.49	602.11	165.14	440.96	0
2028	9	15.81	5.37	564.38	126.04	439.96	0
2028	10	9.06	1.32000000000005	437.15	123.56	439.82	0
2028	11	3.04000000000002	-5.71999999999997	364.22	45.92	441.25	0
2028	12	3.40000000000003	-4.75999999999999	392.94	116.81	442.46	0
2029	1	2.98000000000002	-5.88999999999999	624.81	59.84	445.25	0
2029	2	6.86000000000001	-1.88	715.93	180.08	446.17	0
2029	3	14.09	3.61000000000001	903.74	211.53	447.15	0
2029	4	20.15	8.73000000000002	872.88	55.72	448.61	0
2029	5	24.23	12.29	974.11	64.22	449.15	0
2029	6	26.34	15.77	774.75	100.72	448.6	0
2029	7	26.4	15.53	783.96	120.63	447.08	0
2029	8	21.94	11.52	680.95	110.27	444.49	0
2029	9	14.36	4.80000000000001	542.43	100.34	443.49	0
2029	10	7.66000000000003	0.150000000000034	344.46	155.87	443.35	0
2029	11	3.91000000000003	-4.28999999999996	353.53	82.72	444.78	0
2029	12	1	-8.22999999999996	401.12	160.59	445.99	0
2030	1	3.47000000000003	-7.32999999999998	545.07	77.03	448.83	0
2030	2	6.26000000000005	-2.67999999999995	776.43	66.87	449.75	0
2030	3	13.42	3.13	814.68	197.95	450.73	0
2030	4	16.49	6.26000000000005	923.95	52.27	452.19	0
2030	5	23.69	12.84	908.98	81.32	452.73	0
2030	6	27.02	15.71	889.94	71.89	452.18	0
2030	7	27.77	16.65	793.67	80.13	450.66	0
2030	8	21.16	11.5700000000001	630.7	88.63	448.07	0
2030	9	16.77	5.84000000000003	550.37	66.72	447.07	0
2030	10	7.56	-1.81999999999999	404.31	130.78	446.93	0
2030	11	1.30000000000001	-7.13999999999999	370.87	29.81	448.36	0
2030	12	3.19	-5.16999999999996	454.6	47.41	449.57	0
2031	1	3.89000000000004	-5.45999999999998	542.24	182.95	452.47	0
2031	2	6.42000000000002	-2.75999999999999	803.94	80.17	453.39	0
2031	3	12.8	2.82000000000005	865.42	166.65	454.37	0
2031	4	18.73	7.88	874.51	75.09	455.83	0
2031	5	23.64	13.29	855.65	94.43	456.37	0
2031	6	25.79	16.19	723.04	209.79	455.82	0
2031	7	25.76	15.89	761.47	47.94	454.3	0
2031	8	21.0700000000001	10.77	652.37	226.88	451.71	0
2031	9	12.63	4.05000000000001	468.92	175	450.71	0
2031	10	8.5	-0.0600000000000023	400.82	156.69	450.57	0
2031	11	3.87	-3.70999999999998	355.92	95.82	452	0
2031	12	0.53000000000003	-9.82999999999998	455.14	104.5	453.21	0
2032	1	2.84000000000003	-7.46999999999997	554.04	186.36	456.18	0
2032	2	8.88	-0.699999999999989	783.85	39.13	457.1	0
2032	3	12	1.43000000000001	841.62	129.21	458.08	0
2032	4	19.21	8.16000000000003	907.93	80.79	459.54	0
2032	5	26	14	975.87	40.89	460.08	0
2032	6	29.28	17.85	840.83	85.26	459.53	0
2032	7	25.66	16.14	676.71	69.16	458.01	0
2032	8	25.06	14.06	667.33	30.51	455.42	0
2032	9	16.39	7.12	438.88	276.25	454.42	0
2032	10	11.78	2.83000000000004	385.08	188.12	454.28	0
2032	11	7.17000000000002	-1.88999999999999	346.21	126.75	455.71	0
2032	12	0.210000000000036	-10.6	426.67	172.46	456.92	0
2033	1	2.17000000000002	-8.02999999999997	617.39	106.59	459.96	0
2033	2	6.07000000000005	-3.98999999999995	761.71	155.65	460.88	0
2033	3	14.24	3.38	866.47	110.52	461.86	0
2033	4	18.18	7.87	826.88	161.47	463.32	0
2033	5	24.16	12.3	971.8	55.08	463.86	0
2033	6	26.59	16.22	853.16	66.25	463.31	0
2033	7	26.02	14.7	847.6	58.14	461.79	0
2033	8	21.4	11.17	638.06	112.41	459.2	0
2033	9	16.24	6.32000000000005	507.1	89.66	458.2	0
2033	10	10.11	1.44	335.21	160.99	458.06	0
2033	11	5.48000000000002	-2.15999999999997	353.46	64.78	459.49	0
2033	12	2.82000000000005	-6.29999999999995	436.14	115.34	460.7	0
2034	1	2.89000000000004	-7.62	583.9	109.8	463.85	0
2034	2	6.31	-2.85999999999996	729.62	158.64	464.77	0
2034	3	14.73	4.10000000000002	872.86	155.39	465.75	0
2034	4	19.14	8.28000000000003	921.55	84.91	467.21	0
2034	5	23.91	13.28	820.72	134.65	467.75	0
2034	6	26.18	16.17	801.14	119.58	467.2	0
2034	7	25.83	16.5	641.06	202.26	465.68	0
2034	8	21.24	11.18	681.02	42.88	463.09	0
2034	9	15.03	5.55000000000001	504.66	108.66	462.09	0
2034	10	7.89000000000004	-0.21999999999997	445.59	74.5	461.95	0
2034	11	6.51000000000005	-2.38	345.7	124.08	463.38	0
2034	12	3.10000000000002	-5.92999999999995	413.43	97.27	464.59	0
2035	1	3.42000000000002	-7.15999999999997	652.95	18.63	467.85	0
2035	2	6.5	-2.59999999999997	788.13	58.98	468.77	0
2035	3	12.91	2.55000000000001	913	141.84	469.75	0
2035	4	19.48	8.08000000000004	935.71	100.18	471.21	0
2035	5	23.8200000000001	14.12	737.41	75.34	471.75	0
2035	6	27.8200000000001	16.68	845.78	66.46	471.2	0
2035	7	28.16	17.14	768.23	69.45	469.68	0
2035	8	21.9	11.96	664.69	46.98	467.09	0
2035	9	16.37	6.18000000000001	518.25	78.69	466.09	0
2035	10	12.17	3.45000000000005	414.24	106.38	465.95	0
2035	11	5.22000000000003	-3.53999999999996	341.24	93.58	467.38	0
2035	12	0.620000000000005	-9.15999999999997	479.16	78.25	468.59	0
2036	1	4.56	-5.63	558.87	212.45	471.96	0
2036	2	5.23000000000002	-5.27999999999997	778.2	55.87	472.88	0
2036	3	12.74	2.89000000000004	857.61	112.83	473.86	0
2036	4	19.03	8.16000000000003	844.9	76.63	475.32	0
2036	5	22.55	12.71	885.69	108.11	475.86	0
2036	6	25.86	16.01	740.85	141.88	475.31	0
2036	7	26.24	16.8200000000001	690.25	102.58	473.79	0
2036	8	21.31	12.23	593.2	140.66	471.2	0
2036	9	15.73	5.36000000000001	560.88	46.19	470.2	0
2036	10	9.93000000000001	1.30000000000001	411.73	62.85	470.06	0
2036	11	5.82000000000005	-1.59999999999997	323.79	63.21	471.49	0
2036	12	2.47000000000003	-5.85999999999996	383.87	153.69	472.7	0
2037	1	0.980000000000018	-9.67999999999995	600.41	67.4	476.18	0
2037	2	6.46000000000004	-4.25999999999999	782.03	207.64	477.1	0
2037	3	13.22	2.91000000000003	887.44	100.3	478.08	0
2037	4	19.73	8.71000000000004	869.59	66.4	479.54	0
2037	5	25.03	12.6	960.4	48.44	480.08	0
2037	6	25.44	14.83	858.24	110.43	479.53	0
2037	7	26.6	16.05	779.01	96.6	478.01	0
2037	8	21.7	12.26	687.19	24.66	475.42	0
2037	9	15.67	5.86000000000001	472.51	155.26	474.42	0
2037	10	10.65	1.84000000000003	383.72	148.5	474.28	0
2037	11	4.42000000000002	-4.07999999999998	285.3	279.06	475.71	0
2037	12	0.680000000000007	-8.38	444.64	127.05	476.92	0
2038	1	2.74000000000001	-6.72999999999996	541.95	173.92	480.51	0
2038	2	8.36000000000001	0.0400000000000205	713.28	132.44	481.43	0
2038	3	12.15	2.81	849.53	215.74	482.41	0
2038	4	18.15	7.57000000000005	891.99	125.16	483.87	0
2038	5	23.98	13.05	889.75	109.56	484.41	0
2038	6	28.41	16.48	923.35	67.67	483.86	0
2038	7	25.96	16.09	741.73	91.05	482.34	0
2038	8	20.17	10.46	634.48	103.14	479.75	0
2038	9	16.48	6.39000000000004	498.45	119.62	478.75	0
2038	10	8.55000000000001	0.379999999999995	369.06	168.33	478.61	0
2038	11	3.66000000000003	-4.66999999999996	362.15	96.95	480.04	0
2038	12	-0.439999999999998	-10.52	418.53	103.09	481.25	0
2039	1	1.86000000000001	-8.64999999999998	636.96	100.96	484.93	0
2039	2	7.56	-2.23999999999995	840.32	94.03	485.85	0
2039	3	12.95	2.77000000000004	867.96	104.11	486.83	0
2039	4	16.87	7.12	893.04	174.08	488.29	0
2039	5	22.41	12.21	871.33	137.66	488.83	0
2039	6	26.69	15.98	832.61	83.99	488.28	0
2039	7	25.18	15.76	738.27	107.59	486.76	0
2039	8	21.62	12.35	631.32	179.83	484.17	0
2039	9	15.4	5.49000000000001	522.6	145.21	483.17	0
2039	10	9.07000000000005	0.100000000000023	365.57	291.74	483.03	0
2039	11	5.18000000000001	-3.31999999999999	350.74	109.58	484.46	0
2039	12	0.0500000000000114	-10.01	396.37	180.63	485.67	0
2040	1	3.63	-5.45999999999998	533.61	113.62	489.44	0
2040	2	7.31	-1.70999999999998	739.84	133.63	490.36	0
2040	3	13.05	2.97000000000003	856.59	79.43	491.34	0
2040	4	17.86	8.38	798.96	163.01	492.8	0
2040	5	23.91	12.68	897.91	181.4	493.34	0
2040	6	28.17	16.86	856.42	78.92	492.79	0
2040	7	26.89	16.5	712.71	190.69	491.27	0
2040	8	23.46	12.78	699.79	65.64	488.68	0
2040	9	17.12	6.75	566.1	48.86	487.68	0
2040	10	10.69	2.27000000000004	340.89	211.56	487.54	0
2040	11	3.58000000000004	-4.39999999999998	359.03	135.23	488.97	0
2040	12	-0.0499999999999545	-9.03999999999996	475.86	65.13	490.18	0
2041	1	4.73000000000002	-6.45999999999998	605.27	124.18	494.03	0
2041	2	10.73	1.09000000000003	686.48	119.96	494.95	0
2041	3	12.93	2.15000000000003	888.82	146.89	495.93	0
2041	4	20.1	8.38	975.48	49.58	497.39	0
2041	5	23.91	13.24	884.43	60.03	497.93	0
2041	6	27.09	15.52	888.01	69.61	497.38	0
2041	7	27.72	16.5700000000001	810.7	45.12	495.86	0
2041	8	22.18	12.37	641.08	158.17	493.27	0
2041	9	14.95	5.21000000000004	532.38	137.89	492.27	0
2041	10	8.75	1.58000000000004	372.87	165.36	492.13	0
2041	11	3.79000000000002	-5.22999999999996	342.97	179.36	493.56	0
2041	12	1.97000000000003	-6.91999999999996	443.75	74.47	494.77	0
2042	1	3.55000000000001	-5.38	533.64	158.54	498.73	0
2042	2	7.14000000000004	-2.10999999999996	666.65	113.22	499.65	0
2042	3	12.5	3.29000000000002	704.64	308.19	500.63	0
2042	4	19.43	8.22000000000003	873.75	138.48	502.09	0
2042	5	22.84	13.09	807.66	136.6	502.63	0
2042	6	26.8	17.41	730.3	97.13	502.08	0
2042	7	26.05	15.52	810.04	83.55	500.56	0
2042	8	23.25	13.56	584.83	205.15	497.97	0
2042	9	17.11	7.09000000000003	503.14	76.68	496.97	0
2042	10	11.27	2.36000000000001	355.85	253.85	496.83	0
2042	11	4.73000000000002	-3.95999999999998	328.89	211.87	498.26	0
2042	12	0.100000000000023	-9.64999999999998	464.2	119.5	499.47	0
2043	1	0.689999999999998	-9.59999999999997	550.87	105.39	503.53	0
2043	2	3.62	-5.51999999999998	730.12	231.83	504.45	0
2043	3	13.12	2.68000000000001	911.07	83.56	505.43	0
2043	4	19.44	8.70000000000005	896.24	43.77	506.89	0
2043	5	22.5	12.86	810.06	167.6	507.43	0
2043	6	28.7	16.71	896.73	102.54	506.88	0
2043	7	26.4	15.73	805.36	35.13	505.36	0
2043	8	21.58	11.49	643.89	139.15	502.77	0
2043	9	16.45	5.98000000000002	527.63	30.11	501.77	0
2043	10	11.65	2.81	388.41	176.01	501.63	0
2043	11	4.93000000000001	-4.13	334.65	114.24	503.06	0
2043	12	-0.519999999999982	-10.05	451.42	138.62	504.27	0
2044	1	1.71000000000004	-8.69999999999999	572.5	84.27	508.43	0
2044	2	8.14000000000004	-0.579999999999984	767.82	114.05	509.35	0
2044	3	13.4	3.02000000000004	807.85	202.08	510.33	0
2044	4	19.79	8.43000000000001	950.29	58.74	511.79	0
2044	5	23.95	12.39	966.48	167.28	512.33	0
2044	6	29.22	17.9	845.58	39.43	511.78	0
2044	7	27.38	16.38	802.2	56.36	510.26	0
2044	8	22.12	10.96	724.65	74.04	507.67	0
2044	9	14.6	4.68000000000001	555.09	110.99	506.67	0
2044	10	10.08	0.990000000000009	421.64	107.79	506.53	0
2044	11	3.41000000000003	-6.07999999999998	329.43	145.25	507.96	0
2044	12	1.86000000000001	-7.38999999999999	451.61	106.86	509.17	0
2045	1	3.16000000000003	-6.33999999999997	636.03	47.28	513.46	0
2045	2	7.80000000000001	-0.899999999999977	748.04	103.52	514.38	0
2045	3	15.5700000000001	4.08000000000004	886.18	78.67	515.36	0
2045	4	20.5700000000001	8.70000000000005	999.9	77.14	516.82	0
2045	5	25.43	14.16	957.63	97.9	517.36	0
2045	6	28.19	17	856.05	80.04	516.81	0
2045	7	27.85	16.17	846.28	52.82	515.29	0
2045	8	21.72	10.89	736.47	91.29	512.7	0
2045	9	13.96	5.05000000000001	499.91	148.87	511.7	0
2045	10	8.86000000000001	0.75	374.72	166.91	511.56	0
2045	11	6.56	-1.69999999999999	347.82	199	512.99	0
2045	12	2.17000000000002	-5.5	458.17	46.85	514.2	0
2046	1	4.88	-4.08999999999997	575.47	80.13	518.61	0
2046	2	7.57000000000005	-0.909999999999968	647.11	264.47	519.53	0
2046	3	14.27	4.23000000000002	861.36	130.65	520.51	0
2046	4	18.36	7.52000000000004	932.25	53.57	521.97	0
2046	5	24.97	13.12	954.62	63.69	522.51	0
2046	6	28.3200000000001	17.21	849.1	38.8	521.96	0
2046	7	26.41	16.27	747.78	161.11	520.44	0
2046	8	22.81	12.47	672.38	54.19	517.85	0
2046	9	15.09	5.54000000000002	503.11	127.83	516.85	0
2046	10	7.83000000000004	-1.27999999999997	411.5	100.87	516.71	0
2046	11	6.38	-2.42999999999995	328.03	208.06	518.14	0
2046	12	-0.259999999999991	-9.82999999999998	453.55	94.75	519.35	0
2047	1	2.48000000000002	-7.56999999999999	632.88	58.97	523.9	0
2047	2	5.66000000000003	-3.96999999999997	755.43	235.43	524.82	0
2047	3	13.98	3.32000000000005	956.65	88.33	525.8	0
2047	4	21.04	8.64000000000004	1002.26	24.68	527.26	0
2047	5	24.3200000000001	13.04	963.13	70.15	527.8	0
2047	6	27.12	16.18	875.23	61.89	527.25	0
2047	7	26.52	16.03	736.88	95.43	525.73	0
2047	8	21.25	11.38	706	132.55	523.14	0
2047	9	17.62	7.58000000000004	519.8	89.47	522.14	0
2047	10	11.09	2.10000000000002	400.14	123.89	522	0
2047	11	6.34000000000003	-2.71999999999997	362.82	125.68	523.43	0
2047	12	1.12	-8.34999999999997	456.71	164.01	524.64	0
2048	1	5.39000000000004	-3.81	615.82	22.03	529.32	0
2048	2	6.46000000000004	-2.71999999999997	751.14	70.72	530.24	0
2048	3	13.39	3.37	911.44	109.16	531.22	0
2048	4	18.99	7.94	955.79	82.76	532.68	0
2048	5	22.14	11.4	907.37	92.61	533.22	0
2048	6	26.43	16.21	791.42	216.04	532.67	0
2048	7	26.87	16.73	764.77	102.74	531.15	0
2048	8	22.81	11.66	737.33	35.34	528.56	0
2048	9	16.92	6.93000000000001	505.8	107.32	527.56	0
2048	10	11.46	2.51000000000005	397.25	152.48	527.42	0
2048	11	5.90000000000003	-3.91999999999996	342.73	116.62	528.85	0
2048	12	3.32000000000005	-6.08999999999997	438.45	115.46	530.06	0
2049	1	2	-7.56	545.82	115.22	534.88	0
2049	2	8.29000000000002	-0.0199999999999818	572.3	105.21	535.8	0
2049	3	14.86	4.16000000000003	912.75	125.74	536.78	0
2049	4	19.26	7.92000000000002	888.9	73.63	538.24	0
2049	5	23.66	12.68	935.06	88.05	538.78	0
2049	6	26.09	16.63	783.19	150.12	538.23	0
2049	7	25.95	15.64	734.03	158.63	536.71	0
2049	8	21.87	12.03	687.18	87.37	534.12	0
2049	9	15.3	5.55000000000001	567.36	64.55	533.12	0
2049	10	8.36000000000001	0.120000000000005	392.81	159.35	532.98	0
2049	11	4.74000000000001	-4.90999999999997	346.74	162.65	534.41	0
2049	12	-1.02999999999997	-10.6	458.25	58.7	535.62	0
2050	1	2.44	-8.19	531.77	110.09	540.54	0
2050	2	7.05000000000001	-2.69999999999999	876.82	118.58	541.46	0
2050	3	13.7	3.61000000000001	782.76	174.57	542.44	0
2050	4	21.85	9.54000000000002	1023.96	43.92	543.9	0
2050	5	25.06	13.68	883.77	115.8	544.44	0
2050	6	28.66	17.2	825.03	155.12	543.89	0
2050	7	27.66	16.84	806.42	40.91	542.37	0
2050	8	23.86	13.71	634.12	89.72	539.78	0
2050	9	17.89	8.15000000000003	470.34	191.44	538.78	0
2050	10	10.51	2	358.49	183.52	538.64	0
2050	11	4.5	-5.32999999999998	336.88	61.98	540.07	0
2050	12	0.840000000000032	-9.40999999999997	410.84	107.35	541.28	0
2051	1	5.28000000000003	-2.79999999999995	522.17	60.37	546.32	0
2051	2	7.96000000000004	-0.829999999999984	771.43	66.3	547.24	0
2051	3	13.88	3.73000000000002	748.88	252.34	548.22	0
2051	4	19.39	8.41000000000003	962.93	51.17	549.68	0
2051	5	23.45	13.34	827	79.02	550.22	0
2051	6	27.19	16.62	837.11	92.74	549.67	0
2051	7	26.75	16.04	827.05	43.7	548.15	0
2051	8	21.69	11.89	631.7	365.45	545.56	0
2051	9	16.66	6.38	548.27	95.59	544.56	0
2051	10	9.73000000000002	1.82000000000005	358.22	230.69	544.42	0
2051	11	6.54000000000002	-1.44999999999999	336.49	157.86	545.85	0
2051	12	2.31	-6.15999999999997	457.6	77	547.06	0
2052	1	2.76000000000005	-5.81	493.35	120.01	552.21	0
2052	2	7.91000000000003	-1.81999999999999	710.1	97.29	553.13	0
2052	3	15.33	4.53000000000003	858.6	93.64	554.11	0
2052	4	20.2	8.99000000000001	901.38	101.33	555.57	0
2052	5	24.93	13.17	968.03	62.24	556.11	0
2052	6	28.48	16.78	896.51	21.5	555.56	0
2052	7	27.4	16.93	758.59	122.4	554.04	0
2052	8	24	13.16	652.08	50.75	551.45	0
2052	9	15.31	5.31	533.18	158.37	550.45	0
2052	10	9.29000000000002	1.16000000000003	376.93	163.46	550.31	0
2052	11	6.42000000000002	-1.29999999999995	364.18	145.01	551.74	0
2052	12	1	-8.27999999999997	446.75	125.44	552.95	0
2053	1	4.56	-6.26999999999998	589.28	144.93	558.21	0
2053	2	9.73000000000002	0.189999999999998	720.4	240.57	559.13	0
2053	3	13.88	3.55000000000001	891.71	109.68	560.11	0
2053	4	21.27	10.05	888.98	130.69	561.57	0
2053	5	25.39	13.5700000000001	953.94	73.61	562.11	0
2053	6	26.68	16.73	815.84	98.15	561.56	0
2053	7	27.27	16.71	795.06	80.76	560.04	0
2053	8	22.92	12.31	701.44	56.71	557.45	0
2053	9	16.64	7.87	417.68	251.32	556.45	0
2053	10	12.18	3.61000000000001	380.33	141.79	556.31	0
2053	11	5.74000000000001	-2.88	351.93	102.55	557.74	0
2053	12	0.800000000000011	-8.89999999999998	398.32	271.83	558.95	0
2054	1	1.13	-8.5	572.6	175.72	564.31	0
2054	2	8.95000000000005	0.840000000000032	641.98	132.15	565.23	0
2054	3	14.89	4.36000000000001	911.51	124.24	566.21	0
2054	4	19.98	10.02	783.09	120.67	567.67	0
2054	5	24.23	12.6	924.65	114.81	568.21	0
2054	6	27.23	16.59	867.65	145.83	567.66	0
2054	7	28.44	16.56	852.79	48.45	566.14	0
2054	8	24.48	13.6	705.23	86.1	563.55	0
2054	9	16.5700000000001	6.75	506.52	131.74	562.55	0
2054	10	10.1	1.15000000000003	380.69	359.63	562.41	0
2054	11	4.76000000000005	-3.12	350.55	85.09	563.84	0
2054	12	2.09000000000003	-6.54999999999995	483.76	19.7	565.05	0
2055	1	2.64000000000004	-6.66999999999996	634.75	77.97	570.52	0
2055	2	7.73000000000002	-1.91999999999996	738.03	108.65	571.44	0
2055	3	13.71	3.12	867.34	84.78	572.42	0
2055	4	21.64	10.24	908.04	78.92	573.88	0
2055	5	25.23	13.84	919.33	137.7	574.42	0
2055	6	27.72	17.01	812.55	195.8	573.87	0
2055	7	27.71	17.5	730.8	119.77	572.35	0
2055	8	23.55	12.66	712.26	65.22	569.76	0
2055	9	16.8	6.62	556.69	111.78	568.76	0
2055	10	11.47	2.85000000000002	383.17	71.46	568.62	0
2055	11	5.88	-3.07999999999998	339.21	121.38	570.05	0
2055	12	1.71000000000004	-7.92999999999995	405.35	79.62	571.26	0
2056	1	4.73000000000002	-5.70999999999998	560.86	118.2	576.84	0
2056	2	6.94	-2.73999999999995	726.87	210.09	577.76	0
2056	3	14.46	3.49000000000001	856.94	151.52	578.74	0
2056	4	19.72	8.91000000000003	931.56	41.11	580.2	0
2056	5	23.49	12.54	929.32	138.23	580.74	0
2056	6	29.38	17.95	873.52	50.77	580.19	0
2056	7	28.31	17.8200000000001	774.08	58.16	578.67	0
2056	8	23.47	13.03	664.74	120.5	576.08	0
2056	9	16.47	5.89000000000004	569.46	25	575.08	0
2056	10	10.71	1.59000000000003	407.58	87.05	574.94	0
2056	11	6.49000000000001	-2.44	350.5	110.54	576.37	0
2056	12	1.61000000000001	-7.02999999999997	408.85	152.67	577.58	0
2057	1	4.93000000000001	-5.63999999999999	546.21	111.02	583.3	0
2057	2	7.94	-1.59999999999997	768.96	139.85	584.22	0
2057	3	13.81	3.78000000000003	809.66	217.27	585.2	0
2057	4	20.28	8.59000000000003	983.89	81.43	586.66	0
2057	5	25.26	13.56	932.49	142.54	587.2	0
2057	6	28.6	17.2	894.8	84.2	586.65	0
2057	7	28.02	16.81	804.88	152.93	585.13	0
2057	8	24	12.45	723.43	108.3	582.54	0
2057	9	17.14	7.51000000000005	532.18	52.9	581.54	0
2057	10	9.90000000000003	1.85000000000002	348.1	199.05	581.4	0
2057	11	5.02000000000004	-3.69999999999999	360.37	78.93	582.83	0
2057	12	5.41000000000003	-2.13999999999999	431.28	105.85	584.04	0
2058	1	5.78000000000003	-3.47999999999996	545.84	123.42	589.91	0
2058	2	9.40000000000003	0.07000000000005	780.9	164.49	590.83	0
2058	3	13.11	3.25	838.29	117.56	591.81	0
2058	4	19.17	8.70000000000005	883.26	194.88	593.27	0
2058	5	23.4	13.19	884.38	67.82	593.81	0
2058	6	29.11	17.52	869.69	101.09	593.26	0
2058	7	27.17	16.8	779.36	193.84	591.74	0
2058	8	24.05	13.26	687.83	95.08	589.15	0
2058	9	18.98	9.24000000000001	481.39	208.94	588.15	0
2058	10	9.75	1.80000000000001	415.85	109.87	588.01	0
2058	11	5.64000000000004	-2.08999999999997	378.95	101.19	589.44	0
2058	12	2.37	-5.77999999999997	428.33	192.71	590.65	0
2059	1	2.60000000000002	-7.20999999999998	607.37	56.78	596.65	0
2059	2	6.56	-2.5	772.56	75.74	597.57	0
2059	3	15.48	5.09000000000003	895.52	123.49	598.55	0
2059	4	19.95	9.86000000000001	782	91.47	600.01	0
2059	5	24.48	13.0700000000001	943.84	56.55	600.55	0
2059	6	27.66	16.9	858.86	107.53	600	0
2059	7	26.75	17.66	616.34	133.05	598.48	0
2059	8	23.55	13.06	680.23	56.2	595.89	0
2059	9	15.93	6.42000000000002	546.48	42.63	594.89	0
2059	10	9.12	1.25	363.11	179.29	594.75	0
2059	11	7.51000000000005	-1.53999999999996	355.66	125.98	596.18	0
2059	12	2.73000000000002	-6.63999999999999	442.09	142.39	597.39	0
2060	1	4.59000000000003	-4.81999999999999	541.57	86.53	603.52	0
2060	2	9.54000000000002	-0.149999999999977	765.54	151.99	604.44	0
2060	3	14.19	4.13	799.15	215.06	605.42	0
2060	4	18.65	8.32000000000005	872.16	143.32	606.88	0
2060	5	24.75	13.43	973.98	70.03	607.42	0
2060	6	28.89	17.64	874.45	116.21	606.87	0
2060	7	28.63	17.27	779.79	64.42	605.35	0
2060	8	23.15	12.53	666.87	209.03	602.76	0
2060	9	16.05	5.79000000000002	541.73	56.72	601.76	0
2060	10	10.39	1.59000000000003	462.8	101.61	601.62	0
2060	11	6.79000000000002	-2.09999999999997	339.77	279.47	603.05	0
2060	12	1.98000000000002	-7.15999999999997	448.89	195.01	604.26	0
2061	1	2.28000000000003	-7.89999999999998	586.48	84.63	610.52	0
2061	2	10.8200000000001	1.15000000000003	716.1	97.43	611.44	0
2061	3	13.79	3.32000000000005	909.57	236.12	612.42	0
2061	4	20.52	9.34000000000003	908.92	54.69	613.88	0
2061	5	25.89	14.95	911.21	64.93	614.42	0
2061	6	29.46	17.49	889.1	45.61	613.87	0
2061	7	29.15	17.64	829.09	22.92	612.35	0
2061	8	23.41	13.64	608.52	104.23	609.76	0
2061	9	17.86	7.65000000000003	537.31	119.13	608.76	0
2061	10	9.11000000000001	0.740000000000009	408.28	154.07	608.62	0
2061	11	7.47000000000003	-0.159999999999968	348.79	120.72	610.05	0
2061	12	2.88	-5.37	429.82	64.12	611.26	0
2062	1	3.88	-4.33999999999997	521.09	112.16	617.61	0
2062	2	7.54000000000002	-0.269999999999982	644.55	289.29	618.53	0
2062	3	14.61	4.15000000000003	851.81	123.85	619.51	0
2062	4	20.63	9.66000000000003	879.11	162.87	620.97	0
2062	5	26.26	14.94	938.84	133.24	621.51	0
2062	6	30.43	18.3200000000001	879.71	52.72	620.96	0
2062	7	29.0700000000001	17.63	813.12	56.45	619.44	0
2062	8	24.13	13.09	705.56	22.05	616.85	0
2062	9	16.41	7.02000000000004	486.91	428.41	615.85	0
2062	10	8.65000000000003	1.02000000000004	373.5	134.55	615.71	0
2062	11	4.35000000000002	-4.57999999999998	352.97	244.15	617.14	0
2062	12	4.18000000000001	-4.52999999999997	443.91	118.35	618.35	0
2063	1	3.33000000000004	-5.69999999999999	577.19	64.25	624.76	0
2063	2	7.07000000000005	-2.19999999999999	758.54	164.73	625.68	0
2063	3	14.43	3.99000000000001	964.58	98.82	626.66	0
2063	4	20.12	9.69	807	125.9	628.12	0
2063	5	24.36	13.3	939.44	112.31	628.66	0
2063	6	28.61	18.75	795.11	79.39	628.11	0
2063	7	27.45	18.05	721.62	85.62	626.59	0
2063	8	24.41	14.54	644.97	54.94	624	0
2063	9	16.44	7.10000000000002	516.56	162.27	623	0
2063	10	11.67	3.17000000000002	429.46	135.86	622.86	0
2063	11	6.79000000000002	-1.15999999999997	322.99	153.24	624.29	0
2063	12	5.55000000000001	-3.38999999999999	440.47	170.08	625.5	0
2064	1	5.41000000000003	-4.19	631.48	16.73	631.99	0
2064	2	6.09000000000003	-3.13	672.25	150.18	632.91	0
2064	3	13.25	3.72000000000003	860.58	143.33	633.89	0
2064	4	19.35	9.07000000000005	854.68	83.69	635.35	0
2064	5	24.73	13.3	908.13	128.6	635.89	0
2064	6	27.87	17.68	800.2	90.89	635.34	0
2064	7	28.34	17.28	779.62	106.39	633.82	0
2064	8	23.19	12.34	720.52	94.59	631.23	0
2064	9	15.75	5.97000000000003	521.42	54.59	630.23	0
2064	10	12.99	3.53000000000003	449.55	70.99	630.09	0
2064	11	8.77000000000004	0.0200000000000387	311.82	120.22	631.52	0
2064	12	1.60000000000002	-7.65999999999997	431.32	66.3	632.73	0
2065	1	7.02000000000004	-2.33999999999997	583.42	161.54	639.29	0
2065	2	7.98000000000002	-2.71999999999997	806.06	124.42	640.21	0
2065	3	12.95	3.51000000000005	776.71	179.76	641.19	0
2065	4	19.95	9.59000000000003	903.57	108.31	642.65	0
2065	5	24.96	13.81	880.98	142.11	643.19	0
2065	6	28.59	17.21	850.07	133.93	642.64	0
2065	7	28.5700000000001	18.1	739.22	105.09	641.12	0
2065	8	23.39	12.86	645.59	58.05	638.53	0
2065	9	16.74	7.44	524.5	92.26	637.53	0
2065	10	9.35000000000002	2.26000000000005	337.48	140.42	637.39	0
2065	11	6.17000000000002	-2.01999999999998	345.69	133.64	638.82	0
2065	12	5.29000000000002	-1.94	389.9	178.14	640.03	0
2066	1	7.11000000000001	-1.72999999999996	526.88	219.91	646.65	0
2066	2	8.43000000000001	-0.989999999999952	745.92	108.34	647.57	0
2066	3	15.79	5.35000000000002	794.52	164.97	648.55	0
2066	4	22.67	10.71	952.39	75.93	650.01	0
2066	5	26.16	15.06	884.02	180.78	650.55	0
2066	6	28.8200000000001	17.92	802.07	152.48	650	0
2066	7	28.69	18.28	794.32	42.84	648.48	0
2066	8	24.27	14.33	660.96	104.11	645.89	0
2066	9	19.15	9.25	539.16	35.96	644.89	0
2066	10	12.5700000000001	3.43000000000001	424.54	112.64	644.75	0
2066	11	7.46000000000004	-1.04999999999995	375	127.59	646.18	0
2066	12	4.34000000000003	-4.56999999999999	459.22	108.33	647.39	0
2067	1	5.73000000000002	-4.25	508.78	152.02	654.1	0
2067	2	7.28000000000003	-2.87	811.09	174.84	655.02	0
2067	3	15.47	4.55000000000001	957.86	63.68	656	0
2067	4	22.66	10.8200000000001	963.86	85.23	657.46	0
2067	5	27.98	15.29	1009.02	54.82	658	0
2067	6	28.9	18.04	790.15	96.02	657.45	0
2067	7	29.41	18.05	825.3	67.13	655.93	0
2067	8	24.58	13.72	667.11	136.68	653.34	0
2067	9	17.79	7.61000000000001	549.54	58.5	652.34	0
2067	10	11.54	3.09000000000003	393.87	155.09	652.2	0
2067	11	7.21000000000004	-0.729999999999961	365.24	193.64	653.63	0
2067	12	3.57000000000005	-5.39999999999998	433.14	58.06	654.84	0
2068	1	4.40000000000003	-4.50999999999999	531.7	138.59	661.64	0
2068	2	6.94	-2.57999999999998	774.71	79.77	662.56	0
2068	3	14.59	3.81	903.15	89.45	663.54	0
2068	4	21.66	10.29	907.07	56.23	665	0
2068	5	26.12	14.35	927.86	186.5	665.54	0
2068	6	28.91	18.08	888.05	72.34	664.99	0
2068	7	29.27	17.94	813.47	50.26	663.47	0
2068	8	25.46	14.97	701.56	43.98	660.88	0
2068	9	18.16	7.62	579.1	120.46	659.88	0
2068	10	10.68	2.15000000000003	401.04	170.3	659.74	0
2068	11	6.33000000000004	-1.87	388.4	102.49	661.17	0
2068	12	1.64000000000004	-6.81999999999999	438.33	67.03	662.38	0
2069	1	2.55000000000001	-6.81999999999999	543.22	103.61	669.3	0
2069	2	7.65000000000003	-1.47999999999996	710.5	123.2	670.22	0
2069	3	12.05	2.67000000000002	883.47	108.72	671.2	0
2069	4	23.38	10.61	1049.96	30.71	672.66	0
2069	5	24.15	12.87	969.12	82.41	673.2	0
2069	6	26.42	16.59	806.99	100.37	672.65	0
2069	7	27.05	16.71	799.97	81.35	671.13	0
2069	8	23.88	13.8200000000001	642.01	52.65	668.54	0
2069	9	17.73	8.49000000000001	504.31	63.47	667.54	0
2069	10	12.77	3.57000000000005	420.08	184.09	667.4	0
2069	11	5.75	-3.75	327.97	180.68	668.83	0
2069	12	3.30000000000001	-4.28999999999996	432.58	136.51	670.04	0
2070	1	3.5	-6.12	565.53	112.23	677.08	0
2070	2	7.18000000000001	-0.96999999999997	608.67	190.27	678	0
2070	3	14.43	5.22000000000003	781.22	197.75	678.98	0
2070	4	20.33	9.66000000000003	911.54	136.53	680.44	0
2070	5	25.33	14.37	873.48	95.19	680.98	0
2070	6	28.88	18.7	757.57	117.05	680.43	0
2070	7	30.35	19.18	778.23	108.38	678.91	0
2070	8	23.67	13.3	687.64	68.16	676.32	0
2070	9	17.77	8.16000000000003	494.13	141.91	675.32	0
2070	10	11.96	3.39000000000004	433.66	92.9	675.18	0
2070	11	6.63	-1.42999999999995	373.09	105.01	676.61	0
2070	12	3.67000000000002	-3.66999999999996	351.44	91.5	677.82	0
2071	1	5.76000000000005	-2.75	471.95	140.08	684.95	0
2071	2	10.6	0.990000000000009	770.41	136.55	685.87	0
2071	3	14.38	4.17000000000002	907.74	149.3	686.85	0
2071	4	19.46	8.77000000000004	901.61	116.08	688.31	0
2071	5	25.13	14.11	958.8	77.73	688.85	0
2071	6	28.34	17.62	831.41	363.51	688.3	0
2071	7	28.05	17.88	718.57	160.65	686.78	0
2071	8	24.11	14.08	654.84	89.27	684.19	0
2071	9	19.05	8.57000000000005	558.18	37.14	683.19	0
2071	10	12.1	3.13	416.87	95.19	683.05	0
2071	11	3.93000000000001	-4.20999999999998	341.08	97.82	684.48	0
2071	12	6.09000000000003	-2.58999999999997	373.63	117.15	685.69	0
2072	1	7.75	-1.83999999999997	537.3	216.77	692.9	0
2072	2	10.27	0.470000000000027	814.58	122.96	693.82	0
2072	3	15.38	4.25	891.82	120.13	694.8	0
2072	4	20.27	9.33000000000004	869.93	172.6	696.26	0
2072	5	27.83	15.53	937.63	66.69	696.8	0
2072	6	29.09	18.66	746.79	203.52	696.25	0
2072	7	27.63	16.29	820.25	79.84	694.73	0
2072	8	24.37	13.63	715.74	58.12	692.14	0
2072	9	17.96	7.95000000000005	544.78	37.21	691.14	0
2072	10	12.08	3.70000000000005	388.8	126.92	691	0
2072	11	7.73000000000002	-0.839999999999975	322.33	123.14	692.43	0
2072	12	4.5	-4.77999999999997	439.42	105.09	693.64	0
2073	1	4.96000000000004	-3.73999999999995	528.98	49.23	700.89	0
2073	2	8.98000000000002	-0.239999999999952	725.57	259.53	701.81	0
2073	3	15.23	5.14000000000004	877.79	204.33	702.79	0
2073	4	19.85	9.32000000000005	836.98	102.7	704.25	0
2073	5	26.37	15.08	880.62	164.46	704.79	0
2073	6	29.01	17.37	918.02	60.32	704.24	0
2073	7	29.83	17.76	824.98	50.72	702.72	0
2073	8	22.54	12.87	660.28	175.27	700.13	0
2073	9	18.3200000000001	8.24000000000001	545.2	56.7	699.13	0
2073	10	11.71	2.86000000000001	380.06	207.09	698.99	0
2073	11	9.09000000000003	0.980000000000018	362.2	199.09	700.42	0
2073	12	4	-5.06999999999999	421.16	159.78	701.63	0
2074	1	3.82000000000005	-5.94	583.36	72.26	708.93	0
2074	2	10.69	1.67000000000002	628.3	164.64	709.85	0
2074	3	15.45	5.51000000000005	836.95	139.88	710.83	0
2074	4	24.47	11.53	978.41	41.44	712.29	0
2074	5	27.74	16.03	863.29	102.91	712.83	0
2074	6	30.37	18.97	877.95	68.64	712.28	0
2074	7	28.54	18.24	811.89	74.39	710.76	0
2074	8	24.3200000000001	14.94	617.94	116.64	708.17	0
2074	9	16.78	7.34000000000003	485.53	139.81	707.17	0
2074	10	12.96	4.34000000000003	423.89	79.1	707.03	0
2074	11	5.45000000000005	-2.81	370.22	114.06	708.46	0
2074	12	4.18000000000001	-4.21999999999997	428.08	78.75	709.67	0
2075	1	6.09000000000003	-3.56999999999999	569.53	129.63	717.02	0
2075	2	9.96000000000004	0.57000000000005	866.47	36.54	717.94	0
2075	3	16.58	5.46000000000004	939.24	104.5	718.92	0
2075	4	21.7	11.16	832.32	121.54	720.38	0
2075	5	25.8200000000001	14.87	902.94	98.79	720.92	0
2075	6	31.16	19.42	863.8	78.7	720.37	0
2075	7	27.71	18.26	660.55	196.8	718.85	0
2075	8	23.95	13.74	685.66	181.42	716.26	0
2075	9	19.62	9.92000000000002	502	129.04	715.26	0
2075	10	10.52	1.79000000000002	419.83	242.59	715.12	0
2075	11	6.68000000000001	-1.45999999999998	314.72	190.54	716.55	0
2075	12	1.08000000000004	-8.27999999999997	445.09	80.44	717.76	0
2076	1	3.94	-5.87	598.82	34.3	725.14	0
2076	2	9.12	-0.689999999999998	767.97	188.77	726.06	0
2076	3	14.31	3.83000000000004	929.66	108.23	727.04	0
2076	4	20.42	9.30000000000001	963.46	90.73	728.5	0
2076	5	26.92	15.01	897.01	100.8	729.04	0
2076	6	28.35	17.52	851.09	65.72	728.49	0
2076	7	28.93	17.58	859.07	18.13	726.97	0
2076	8	22.7	12.42	649.04	177.93	724.38	0
2076	9	16.91	6.52000000000004	583.44	35.21	723.38	0
2076	10	11.25	2.84000000000003	411.52	226.04	723.24	0
2076	11	4.47000000000003	-3.54999999999995	354.39	52.12	724.67	0
2076	12	5.43000000000001	-2.67999999999995	414.48	114.76	725.88	0
2077	1	4.78000000000003	-4.26999999999998	628.82	76.51	733.31	0
2077	2	10.47	1	712.48	137.61	734.23	0
2077	3	15.29	4.96000000000004	838.04	138.52	735.21	0
2077	4	18.8200000000001	8.90000000000003	807.41	192.96	736.67	0
2077	5	24.72	14.35	895.66	40.88	737.21	0
2077	6	27.1	17.69	770.59	111.3	736.66	0
2077	7	29.15	18.3200000000001	806.32	46.29	735.14	0
2077	8	23.4	13.24	663.33	122.9	732.55	0
2077	9	18.43	8.57000000000005	511.85	240.16	731.55	0
2077	10	12.03	3.71000000000004	388.18	165.08	731.41	0
2077	11	7.49000000000001	0.580000000000041	331.71	173.49	732.84	0
2077	12	4.79000000000002	-2.56	401.12	147.74	734.05	0
2078	1	3.20000000000005	-6.42999999999995	635.37	88.72	741.52	0
2078	2	8.03000000000003	0.0500000000000114	746.81	173.7	742.44	0
2078	3	14.12	3.96000000000004	861.5	134.81	743.42	0
2078	4	22.3	10.66	942.81	60.52	744.88	0
2078	5	25.76	14.34	988.55	75.77	745.42	0
2078	6	29.36	19.27	768.47	196.55	744.87	0
2078	7	28.59	17.9	788.05	33.77	743.35	0
2078	8	24.45	14.06	647.41	166.92	740.76	0
2078	9	17.45	7.97000000000003	537.48	74.21	739.76	0
2078	10	11.98	3.35000000000002	409.2	139.79	739.62	0
2078	11	5.28000000000003	-4.38999999999999	344.05	81.39	741.05	0
2078	12	3.65000000000003	-5.45999999999998	408.29	166.35	742.26	0
2079	1	5.77000000000004	-3.64999999999998	536.71	126.58	749.8	0
2079	2	8.87	-1.20999999999998	681.78	214.4	750.72	0
2079	3	13.81	3.37	902.2	89.75	751.7	0
2079	4	19.38	9.62	848.54	296.55	753.16	0
2079	5	26.23	14.55	949.86	61.49	753.7	0
2079	6	30.3	19.01	863.06	59.15	753.15	0
2079	7	27.58	17.73	766.83	94.09	751.63	0
2079	8	23.18	12.94	670.76	161.67	749.04	0
2079	9	17.53	7.66000000000003	522.53	131.97	748.04	0
2079	10	13.59	5.05000000000001	427.73	123.93	747.9	0
2079	11	4.62	-3.97999999999996	371.47	126.32	749.33	0
2079	12	3.33000000000004	-5.46999999999997	319.01	230.63	750.54	0
2080	1	5.40000000000003	-4.00999999999999	581.71	145.11	758.18	0
2080	2	8.79000000000002	-0.319999999999993	729.11	169.12	759.1	0
2080	3	15.03	5.51000000000005	798.05	191.19	760.08	0
2080	4	20.15	9.71000000000004	873.36	98.55	761.54	0
2080	5	28.45	16.5	962.4	46.68	762.08	0
2080	6	29.1	18.42	811.74	122.93	761.53	0
2080	7	28.81	17.42	847.39	70.83	760.01	0
2080	8	24.4	14.47	661.86	131.19	757.42	0
2080	9	16.27	6.57000000000005	546.7	116.23	756.42	0
2080	10	12.44	3.77000000000004	416.09	88.34	756.28	0
2080	11	8.56	0.480000000000018	367.63	145.7	757.71	0
2080	12	6.09000000000003	-2.35999999999996	421.36	133.39	758.92	0
2081	1	7.08000000000004	-1.03999999999996	557.19	74.6	766.64	0
2081	2	10.84	2.12	704.81	108.75	767.56	0
2081	3	16.34	5.56	919.01	142.57	768.54	0
2081	4	19.62	8.86000000000001	942.08	96.88	770	0
2081	5	26.49	14.68	954.96	22.98	770.54	0
2081	6	31.48	19.09	899.97	37.26	769.99	0
2081	7	29.92	18.51	787.35	80.57	768.47	0
2081	8	23.6	13.09	678.32	108.75	765.88	0
2081	9	17.88	8.23000000000002	522.72	111.97	764.88	0
2081	10	13.09	4.42000000000002	400.8	96.8	764.74	0
2081	11	5.07000000000005	-3.09999999999997	360.3	56.01	766.17	0
2081	12	3.32000000000005	-5.85999999999996	441.49	147.79	767.38	0
2082	1	6.29000000000002	-2.84999999999997	595.48	105.55	775.17	0
2082	2	12.1	2.69	703.98	142.38	776.09	0
2082	3	12.77	3.83000000000004	804.66	131.36	777.07	0
2082	4	21.47	10.44	882.33	88.83	778.53	0
2082	5	24.89	14.68	818.92	168.61	779.07	0
2082	6	29.86	18.39	876.83	39.16	778.52	0
2082	7	28.33	18.2	690.22	198.12	777	0
2082	8	26.56	15.78	636.68	98.5	774.41	0
2082	9	19.58	9.22000000000003	583.38	105.74	773.41	0
2082	10	10.52	2.32000000000005	407.34	100.04	773.27	0
2082	11	7.34000000000003	-0.70999999999998	373.88	61.91	774.7	0
2082	12	3.33000000000004	-4.51999999999998	405.01	98.75	775.91	0
2083	1	2.21000000000004	-7.35999999999996	584.1	127.96	783.75	0
2083	2	9.24000000000001	-0.00999999999999091	764.13	108.27	784.67	0
2083	3	15.85	5.70000000000005	850.52	83.91	785.65	0
2083	4	20.87	9.62	998.53	81.15	787.11	0
2083	5	26.06	15.08	911.17	119.85	787.65	0
2083	6	30.2	19.51	847.82	67.45	787.1	0
2083	7	30.27	18.73	827.41	69.98	785.58	0
2083	8	25.34	14.7	681.28	94.37	782.99	0
2083	9	18.91	8.87	554.37	64.11	781.99	0
2083	10	9.80000000000001	1.06	415.85	143.64	781.85	0
2083	11	7.12	-1.06999999999999	329.07	237.38	783.28	0
2083	12	2.23000000000002	-6.50999999999999	429.58	64.97	784.49	0
2084	1	5.45000000000005	-3.22999999999996	555.46	102.21	792.37	0
2084	2	9.22000000000003	0.960000000000036	695.74	106.32	793.29	0
2084	3	14.02	3.86000000000001	949.68	90.54	794.27	0
2084	4	22.47	11.15	817.08	89.98	795.73	0
2084	5	27.12	16.25	868.97	85.48	796.27	0
2084	6	29.36	18.62	854.13	117.37	795.72	0
2084	7	28.99	18.28	779.41	86.48	794.2	0
2084	8	25.27	14.51	710.74	79.14	791.61	0
2084	9	16.93	7.83000000000004	493.61	220.3	790.61	0
2084	10	11.77	3.39000000000004	417.4	105.62	790.47	0
2084	11	6.83000000000004	-0.870000000000005	363.33	95.25	791.9	0
2084	12	3.14000000000004	-4.45999999999998	425.98	135.97	793.11	0
2085	1	6.5	-2.78999999999996	571.16	160.94	801.02	0
2085	2	9.59000000000003	0.860000000000014	740.84	182.8	801.94	0
2085	3	16.43	6.16000000000003	871.72	96.87	802.92	0
2085	4	21.09	9.99000000000001	862.94	77.19	804.38	0
2085	5	27.38	15.89	878.1	207.77	804.92	0
2085	6	29.91	19.15	815.68	97.28	804.37	0
2085	7	29.92	18.56	840.14	23.89	802.85	0
2085	8	23.75	14.53	659.38	139.27	800.26	0
2085	9	18.77	9.87	485.69	143	799.26	0
2085	10	14.27	5.41000000000003	413.91	130.07	799.12	0
2085	11	6.84000000000003	-1.69999999999999	355.77	169.65	800.55	0
2085	12	2.56	-6.81	463.51	54.2	801.76	0
2086	1	4.13	-4.58999999999997	514.35	60.26	809.71	0
2086	2	9.74000000000001	0.330000000000041	735.99	179.89	810.63	0
2086	3	14.9	5.38	806.19	185.93	811.61	0
2086	4	22.44	11.19	967.62	107.19	813.07	0
2086	5	25.79	15.29	845.55	199.49	813.61	0
2086	6	30.53	19.4	864.68	72.69	813.06	0
2086	7	29.37	19.09	777.92	85.67	811.54	0
2086	8	25.1	14.76	674.65	74.45	808.95	0
2086	9	18.53	8.85000000000002	514.13	77.95	807.95	0
2086	10	13.01	5.46000000000004	384.17	130	807.81	0
2086	11	5.66000000000003	-3.06999999999999	338.4	121.85	809.24	0
2086	12	4.06	-4.88	410.55	81.61	810.45	0
2087	1	4.76000000000005	-4.25999999999999	592.8	68.63	818.42	0
2087	2	9.71000000000004	0.470000000000027	742.03	256.69	819.34	0
2087	3	15.41	5.74000000000001	743.15	150.92	820.32	0
2087	4	22.16	10.96	922.88	138.12	821.78	0
2087	5	24.13	13.94	914.52	109.87	822.32	0
2087	6	27.27	17.0700000000001	770.07	200.04	821.77	0
2087	7	29.27	18.37	773.56	126.28	820.25	0
2087	8	23.1	13.09	665.67	157.95	817.66	0
2087	9	18.26	8.70000000000005	567.59	82.63	816.66	0
2087	10	11.1	3.48000000000002	405.44	123.44	816.52	0
2087	11	9.10000000000002	0.810000000000002	340.84	201.78	817.95	0
2087	12	5.68000000000001	-1.5	413.31	65.48	819.16	0
2088	1	6.52000000000004	-2.37	579.41	167.96	827.16	0
2088	2	10.71	1.42000000000002	799.06	122.44	828.08	0
2088	3	14.15	4.69	773.56	179.91	829.06	0
2088	4	22.91	10.79	923.01	85.04	830.52	0
2088	5	25.62	15.21	840.95	73.37	831.06	0
2088	6	29.93	19.54	788.04	143.35	830.51	0
2088	7	29.28	18.11	839.21	61.14	828.99	0
2088	8	25.62	15.25	630.81	147.05	826.4	0
2088	9	19.73	10.19	511.7	103.23	825.4	0
2088	10	13.7	5.20000000000005	450.17	77.72	825.26	0
2088	11	8.74000000000001	0.960000000000036	335.05	107.02	826.69	0
2088	12	5.56	-3.60999999999996	402.54	109.49	827.9	0
2089	1	5.43000000000001	-3.60999999999996	561.42	73.53	835.96	0
2089	2	8.49000000000001	-1.63999999999999	695.02	308.84	836.88	0
2089	3	15.89	5.53000000000003	903.57	96.01	837.86	0
2089	4	21.22	10.41	952.66	16.83	839.32	0
2089	5	26.56	15.85	841.18	99.99	839.86	0
2089	6	29.74	18.1	889.72	146.31	839.31	0
2089	7	29.2	18.26	781.92	36.28	837.79	0
2089	8	27.58	16.47	691.47	46.53	835.2	0
2089	9	20.43	10.12	569	63.92	834.2	0
2089	10	14.21	6	406.97	112.45	834.06	0
2089	11	7.52000000000004	-1.13999999999999	362.88	105.06	835.49	0
2089	12	3.85000000000002	-5.88999999999999	428.37	61.48	836.7	0
2090	1	3.70000000000005	-6.67999999999995	665.91	51.8	844.8	0
2090	2	12.6	2.95000000000005	798.3	126.5	845.72	0
2090	3	15.56	5.47000000000003	861.1	98.26	846.7	0
2090	4	19.58	9.88	821.82	168.03	848.16	0
2090	5	27.65	15.95	895.74	73.53	848.7	0
2090	6	30.76	18.61	895.69	142.56	848.15	0
2090	7	29.47	19.17	743.05	145.08	846.63	0
2090	8	24.95	14.47	676.81	115.94	844.04	0
2090	9	17.26	8.26000000000005	440.46	184.39	843.04	0
2090	10	12.54	4.08000000000004	409.26	54.23	842.9	0
2090	11	7.68000000000001	-0.389999999999986	300.88	175.58	844.33	0
2090	12	8	0.550000000000011	344.96	138.88	845.54	0
2091	1	7.91000000000003	-1.06999999999999	498.25	123.1	853.73	0
2091	2	11.53	1.49000000000001	789.3	91.04	854.65	0
2091	3	16.05	6.07000000000005	741.86	270.13	855.63	0
2091	4	22.01	10.49	919.26	63.6	857.09	0
2091	5	27.86	16.12	933.84	120.92	857.63	0
2091	6	31.12	19.65	848.73	82.06	857.08	0
2091	7	30.42	18.34	853.55	60.86	855.56	0
2091	8	24.33	14.45	655.62	154.37	852.97	0
2091	9	18.66	9.20000000000005	493.67	98.33	851.97	0
2091	10	13.13	4.32000000000005	386.85	116.44	851.83	0
2091	11	10.35	2.68000000000001	325.98	60.64	853.26	0
2091	12	6.97000000000003	-1.69999999999999	358.69	217.27	854.47	0
2092	1	3.48000000000002	-5.70999999999998	604.07	132.17	862.73	0
2092	2	9.26000000000005	-0.0199999999999818	770.65	241.25	863.65	0
2092	3	13.55	4.18000000000001	750.36	244.88	864.63	0
2092	4	21.04	10.94	883.85	83.06	866.09	0
2092	5	27.93	16.15	925	76.83	866.63	0
2092	6	30.19	18.87	855.89	84.81	866.08	0
2092	7	29.77	18.8200000000001	785.29	64.33	864.56	0
2092	8	26.03	15.6	642.61	125.16	861.97	0
2092	9	19.92	10.44	537.73	20.4	860.97	0
2092	10	12.5	4	418.43	93.18	860.83	0
2092	11	8.86000000000001	0.870000000000005	299.91	156.74	862.26	0
2092	12	9.09000000000003	1.71000000000004	337.15	186.34	863.47	0
2093	1	4.94	-4.48999999999995	519.76	147.72	871.78	0
2093	2	8.64000000000004	-0.649999999999977	764.44	135.16	872.7	0
2093	3	14.72	4.01000000000005	898.43	333.75	873.68	0
2093	4	23.21	11.0700000000001	953.16	69.09	875.14	0
2093	5	26.31	14.61	988.48	45.42	875.68	0
2093	6	29.04	18.8200000000001	715.92	253.44	875.13	0
2093	7	29.92	18.97	745.99	117.08	873.61	0
2093	8	25.41	15.53	618.95	102.2	871.02	0
2093	9	20.41	10.51	510.34	144.07	870.02	0
2093	10	11.14	2.80000000000001	405.24	125.94	869.88	0
2093	11	7.42000000000002	-0.579999999999984	354.06	86.2	871.31	0
2093	12	5.82000000000005	-2.53999999999996	415.25	192.46	872.52	0
2094	1	7.26000000000005	-0.810000000000002	537.59	167.72	880.86	0
2094	2	9.47000000000003	0.439999999999998	699.79	211.52	881.78	0
2094	3	15.97	5.80000000000001	800.25	130.94	882.76	0
2094	4	20.69	10.3	860.32	124.01	884.22	0
2094	5	25.38	15.11	821.85	129.09	884.76	0
2094	6	29.44	19.41	790.5	184.5	884.21	0
2094	7	29.87	18.53	843.79	48.09	882.69	0
2094	8	24.71	14.65	675.42	142.02	880.1	0
2094	9	20.26	10.38	542.64	273.61	879.1	0
2094	10	14.11	5.79000000000002	428.88	112.85	878.96	0
2094	11	10.14	2.22000000000003	339.26	154.12	880.39	0
2094	12	4.87	-3.66999999999996	410.71	134.15	881.6	0
2095	1	6.11000000000001	-3.48999999999995	556.17	134.18	889.98	0
2095	2	11.98	1.74000000000001	713.92	117.06	890.9	0
2095	3	17.27	5.95000000000005	936.17	102.1	891.88	0
2095	4	21.73	10.42	909.92	51.43	893.34	0
2095	5	28.83	17.21	931.71	104.81	893.88	0
2095	6	30.68	19.74	827.12	99.45	893.33	0
2095	7	29.35	18.91	814.66	39.31	891.81	0
2095	8	25.49	15.05	657.2	103.55	889.22	0
2095	9	18.68	8.85000000000002	542.6	138.94	888.22	0
2095	10	12.68	4.15000000000003	374.31	200.94	888.08	0
2095	11	8.58000000000004	-0.0299999999999727	337.89	136.01	889.51	0
2095	12	3.46000000000004	-6.85999999999996	407.27	146.93	890.72	0
2096	1	4.23000000000002	-5.75	618.65	125.59	899.12	0
2096	2	10.05	-0.269999999999982	759.71	162.55	900.04	0
2096	3	17.37	6.63	911.05	62.39	901.02	0
2096	4	22.83	11.96	771.4	157.47	902.48	0
2096	5	28.42	16.11	934.41	153.66	903.02	0
2096	6	30.64	19.68	809.61	88.45	902.47	0
2096	7	30.4	20.0700000000001	746.96	62.26	900.95	0
2096	8	24.73	14.09	696.27	137.11	898.36	0
2096	9	19.29	10.29	511.44	69.93	897.36	0
2096	10	13.18	4.69	414.09	98.53	897.22	0
2096	11	8.17000000000002	0.480000000000018	354.69	70.79	898.65	0
2096	12	6.83000000000004	-0.67999999999995	409.99	150.11	899.86	0
2097	1	4.80000000000001	-3.84999999999997	568.28	101.09	908.29	0
2097	2	10.45	1.65000000000003	751.06	160.44	909.21	0
2097	3	16.7	6.44	885.9	187.54	910.19	0
2097	4	21.84	10.43	910.71	75.62	911.65	0
2097	5	24.49	14.5700000000001	886.42	71.38	912.19	0
2097	6	29.89	19.1	804.88	78.67	911.64	0
2097	7	31.06	19.74	740.28	63.84	910.12	0
2097	8	27.94	16.62	683.66	81.38	907.53	0
2097	9	18.73	9.62	487.41	107	906.53	0
2097	10	12.62	3.72000000000003	443.61	61.29	906.39	0
2097	11	6.85000000000002	-1.41999999999996	369.99	96.24	907.82	0
2097	12	2.72000000000003	-5.44999999999999	437.27	50.08	909.03	0
2098	1	2.44	-6.81	610.31	47.85	917.47	0
2098	2	9.05000000000001	-0.849999999999966	785.19	100.04	918.39	0
2098	3	16.52	5.91000000000003	814.17	100.18	919.37	0
2098	4	21.6	11.26	842.74	145.43	920.83	0
2098	5	26.04	15.25	916.98	95.48	921.37	0
2098	6	32.7	19.8	898.95	18.29	920.82	0
2098	7	29.73	18.67	806.53	98.39	919.3	0
2098	8	25.65	15.28	670.92	44.57	916.71	0
2098	9	18.17	8.68000000000001	556.41	84.47	915.71	0
2098	10	11.96	4.33000000000004	356.25	141.52	915.57	0
2098	11	7.47000000000003	0.07000000000005	325.81	111.65	917	0
2098	12	4.26000000000005	-4	445.13	46.12	918.21	0
2099	1	8.92000000000002	0.220000000000027	444.18	148.55	926.67	0
2099	2	10.26	0.689999999999998	782.44	80.14	927.59	0
2099	3	15.94	5.44	909.86	125.18	928.57	0
2099	4	21.5	10.12	890.15	82.07	930.03	0
2099	5	27.12	15.71	830.86	190.65	930.57	0
2099	6	27.23	18.59	719.45	145.18	930.02	0
2099	7	30.48	18.89	779.08	89.37	928.5	0
2099	8	25.38	14.45	712.75	46.5	925.91	0
2099	9	18.04	8.36000000000001	513.8	100.12	924.91	0
2099	10	12.05	4.82000000000005	364.64	226.41	924.77	0
2099	11	7.79000000000002	0.0200000000000387	350.25	122.9	926.2	0
2099	12	4.26000000000005	-4	445.13	46.12	927.41	0
2100-2200	1	8.92000000000002	0.220000000000027	444.18	148.55	926.67	0
2100-2200	2	10.26	0.689999999999998	782.44	80.14	927.59	0
2100-2200	3	15.94	5.44	909.86	125.18	928.57	0
2100-2200	4	21.5	10.12	890.15	82.07	930.03	0
2100-2200	5	27.12	15.71	830.86	190.65	930.57	0
2100-2200	6	27.23	18.59	719.45	145.18	930.02	0
2100-2200	7	30.48	18.89	779.08	89.37	928.5	0
2100-2200	8	25.38	14.45	712.75	46.5	925.91	0
2100-2200	9	18.04	8.36000000000001	513.8	100.12	924.91	0
2100-2200	10	12.05	4.82000000000005	364.64	226.41	924.77	0
2100-2200	11	7.79000000000002	0.0200000000000387	350.25	122.9	926.2	0
2100-2200	12	4.26000000000005	-4	445.13	46.12	927.41	0
