Year	Month	Tmax	Tmin	PAR	Prec	CO2	O3
1200-1949	1	-1.08	-10.54	428.76	80.26	390	0
1200-1949	2	0.38	-9.62	541.34	83.59	390	0
1200-1949	3	5.19	-4.09	660.04	205.08	390	0
1200-1949	4	12	2.02	722.17	145.58	390	0
1200-1949	5	15.75	6.55	671.57	118.56	390	0
1200-1949	6	21.04	10.76	873.05	41.15	390	0
1200-1949	7	22.85	13.34	789.78	89.09	390	0
1200-1949	8	23.22	12.5	855.58	80.28	390	0
1200-1949	9	20.86	10.74	729.62	116.1	390	0
1200-1949	10	15.15	6.08	502.45	155.71	390	0
1200-1949	11	9.59	0.97	495.29	61.33	390	0
1200-1949	12	0.87	-8.64	352.89	82.53	390	0
1950	1	-1.08	-10.54	428.76	80.26	390	0
1950	2	0.38	-9.62	541.34	83.59	390	0
1950	3	5.19	-4.09	660.04	205.08	390	0
1950	4	12	2.02	722.17	145.58	390	0
1950	5	15.75	6.55	671.57	118.56	390	0
1950	6	21.04	10.76	873.05	41.15	390	0
1950	7	22.85	13.34	789.78	89.09	390	0
1950	8	23.22	12.5	855.58	80.28	390	0
1950	9	20.86	10.74	729.62	116.1	390	0
1950	10	15.15	6.08	502.45	155.71	390	0
1950	11	9.59	0.97	495.29	61.33	390	0
1950	12	0.87	-8.64	352.89	82.53	390	0
1951	1	0.3	-8.59	382.67	143.23	390	0
1951	2	1.28	-7.7	401.46	183.89	390	0
1951	3	5.16	-3.08	614.43	134.59	390	0
1951	4	12.17	1.48	815.12	57.46	390	0
1951	5	16.6	6.57	729.71	86.41	390	0
1951	6	21.48	11.5	801	64.18	390	0
1951	7	23.89	12.92	905.06	83.82	390	0
1951	8	22.96	13.09	786.29	168.78	390	0
1951	9	20.14	10.11	714.43	92.64	390	0
1951	10	15.37	5.69	521.31	142.24	390	0
1951	11	6.28	-3.05	499.03	83.65	390	0
1951	12	3.12	-7.18	407.61	120.26	390	0
1952	1	1.95	-8.27	396.36	121.31	390	0
1952	2	1.78	-8.57	536.03	51	390	0
1952	3	5.49	-3.83	725.71	84.31	390	0
1952	4	10.28	0.59	708.32	148.28	390	0
1952	5	18.79	7.79	668.71	146.55	390	0
1952	6	20.4	10.37	757.02	190.58	390	0
1952	7	22.71	12.78	794.42	140.23	390	0
1952	8	23.64	13.61	775.17	171.57	390	0
1952	9	19.3	9.65	715.78	97.95	390	0
1952	10	13.27	3.59	583.36	145.81	390	0
1952	11	4.94	-3.93	435.19	122.18	390	0
1952	12	-0.05	-9.85	375.86	51.57	390	0
1953	1	0.35	-10.72	393.33	215.2	390	0
1953	2	-2.24	-13.77	501.41	53.9	390	0
1953	3	4.47	-4.01	633.12	179.89	390	0
1953	4	11.51	1.76	752.82	95.55	390	0
1953	5	16.44	5.96	766.11	149.93	390	0
1953	6	23.41	12.61	833.69	92.26	390	0
1953	7	25.58	14.3	872.09	91.03	390	0
1953	8	25.3	13.81	903.39	18.49	390	0
1953	9	19.38	8.81	748.76	176.03	390	0
1953	10	15.08	5.54	537.82	136.95	390	0
1953	11	6.97	-2	444.52	131.25	390	0
1953	12	0.44	-8.78	387.31	103.5	390	0
1954	1	-1.24	-10.81	392.35	54.24	390	0
1954	2	0.06	-9.42	524.02	35.86	390	0
1954	3	5	-4.6	660.34	127.8	390	0
1954	4	11.48	1.23	775.35	174.89	390	0
1954	5	16.47	6.16	807.65	94.62	390	0
1954	6	20.53	10.33	802.24	167.68	390	0
1954	7	24.74	14.16	852.7	100.69	390	0
1954	8	23.83	13.87	777.84	125.09	390	0
1954	9	18.88	8.97	710.49	86.8	390	0
1954	10	13.4	2.91	544.88	68.89	390	0
1954	11	5.52	-2.95	463.47	115.87	390	0
1954	12	3.56	-5	369.13	205.52	390	0
1955	1	-0.89	-10.37	434.51	123.34	390	0
1955	2	1.53	-8.21	579.08	39.37	390	0
1955	3	5.46	-2.75	714.04	175.54	390	0
1955	4	12.54	2.4	725.15	100.19	390	0
1955	5	19.06	7.74	734.28	81	390	0
1955	6	21.51	11.05	846.05	65.89	390	0
1955	7	24.11	14.61	715.83	153.98	390	0
1955	8	23.09	13.13	774.5	102.97	390	0
1955	9	18.14	8.78	685.67	126.33	390	0
1955	10	14.83	4.57	617.74	75.73	390	0
1955	11	6.87	-1.46	439.89	119.72	390	0
1955	12	1.65	-7.66	437.94	95.55	390	0
1956	1	-1.21	-10.49	410.15	110.6	390	0
1956	2	1.8	-8.59	477.5	79.36	390	0
1956	3	6.89	-2.43	627.5	142.02	390	0
1956	4	12.09	2	791.05	90.33	390	0
1956	5	17.75	6.49	843.71	84.43	390	0
1956	6	22.16	11.65	845.61	71.23	390	0
1956	7	26.01	14.34	912.12	42.87	390	0
1956	8	25.25	14.97	769.49	88.25	390	0
1956	9	20.41	9.64	759.2	52.92	390	0
1956	10	15.02	4.73	619.32	82.22	390	0
1956	11	8.36	-0.08	465.71	104.97	390	0
1956	12	2.89	-5.74	381.37	113.69	390	0
1957	1	-0.89	-11.01	448.66	78.51	390	0
1957	2	0.5	-10.54	573.39	50.2	390	0
1957	3	4.94	-3.76	705.15	79.58	390	0
1957	4	12	1.56	795.86	112.84	390	0
1957	5	14.74	5.28	774.68	109.53	390	0
1957	6	20.42	11.02	752.14	172.35	390	0
1957	7	25.32	14.72	846.19	47.3	390	0
1957	8	25.87	14.41	872.64	42.07	390	0
1957	9	22.63	11.12	739.08	62.23	390	0
1957	10	16.35	5.82	569.53	110.77	390	0
1957	11	10.54	0.86	482.22	31.22	390	0
1957	12	3.29	-6.65	337.22	145.82	390	0
1958	1	1.93	-7.18	343.53	87.32	390	0
1958	2	0.1	-9.98	518	28.38	390	0
1958	3	4.42	-4.7	674.25	110.7	390	0
1958	4	13.22	3.32	678.58	75.09	390	0
1958	5	17.01	6.65	788.33	126.73	390	0
1958	6	21.06	10.76	777.52	136.43	390	0
1958	7	25.36	14.81	829.26	111.58	390	0
1958	8	23.48	13.64	777.97	64.6	390	0
1958	9	20.69	10.39	717.08	92.37	390	0
1958	10	15.21	5.31	574.98	99.21	390	0
1958	11	10.08	1.23	439.38	65.16	390	0
1958	12	3.8	-5.33	356.36	172.3	390	0
1959	1	1.56	-8.19	443.11	133.66	390	0
1959	2	2.37	-6.81	574.04	78.67	390	0
1959	3	5.91	-2.97	658.8	125.75	390	0
1959	4	11	1.38	747.67	173.31	390	0
1959	5	15.99	6.19	736.28	50.63	390	0
1959	6	20.31	10.34	817.72	52.78	390	0
1959	7	24.4	14.47	790.83	194.29	390	0
1959	8	23.84	13.13	853.82	54.17	390	0
1959	9	19.13	8.14	805.66	27.76	390	0
1959	10	14.04	4.21	560.2	128.34	390	0
1959	11	8.65	-0.22	474.86	121.65	390	0
1959	12	0.37	-8.85	368.94	119.91	390	0
1960	1	-1.27	-11.27	458.47	41.03	390	0
1960	2	-0.24	-9.9	526.29	90.3	390	0
1960	3	7.07	-2.02	620.39	106.81	390	0
1960	4	11.38	1.7	772.04	188.53	390	0
1960	5	15.13	6.02	703.37	167.73	390	0
1960	6	22.77	12.1	825.63	77.4	390	0
1960	7	26.45	14.69	938.56	51.97	390	0
1960	8	24.7	14.31	762.72	64.71	390	0
1960	9	20.66	10.16	730.76	97.04	390	0
1960	10	12.57	2.54	620.16	93.72	390	0
1960	11	7.01	-1.59	446.23	182.53	390	0
1960	12	1.77	-8.36	331.4	113.37	390	0
1961	1	-0.14	-10.44	379.73	113.6	390	0
1961	2	1.45	-7.12	419.59	135.04	390	0
1961	3	4.71	-4.13	654.88	204.2	390	0
1961	4	11.89	1.64	782.45	107.91	390	0
1961	5	16.72	6.27	673.57	199.7	390	0
1961	6	21.76	11.18	828.74	58.18	390	0
1961	7	24.63	14.38	804.38	117.43	390	0
1961	8	25.34	14.73	839.46	26.9	390	0
1961	9	18.75	8.86	729.06	71.01	390	0
1961	10	13.35	4.98	499.98	233.73	390	0
1961	11	7.46	-1.14	464.78	148.05	390	0
1961	12	1.48	-8.3	359.01	75.71	390	0
1962	1	-0.25	-9.22	444.03	27.58	390	0
1962	2	1.6	-7.53	578.84	117.37	390	0
1962	3	6.84	-1.84	639.18	175.3	390	0
1962	4	13.03	2.55	789.78	94.9	390	0
1962	5	18.25	6.46	865.76	75.24	390	0
1962	6	21.51	11.36	775.27	70.27	390	0
1962	7	25.88	14.73	873.28	57.18	390	0
1962	8	22.95	12.74	786.25	134.04	390	0
1962	9	18.63	8.83	730.46	126.14	390	0
1962	10	12.59	2.89	637.05	37.51	390	0
1962	11	7.66	-1.14	416.46	124.33	390	0
1962	12	2.58	-5.72	298.37	107.87	390	0
1963	1	-1.36	-13.04	360.2	159.79	390	0
1963	2	3.4	-6.29	471.32	126.92	390	0
1963	3	5.45	-4.45	684.01	175.93	390	0
1963	4	10.99	1.18	777.21	111.77	390	0
1963	5	17.98	7.04	769.64	101.1	390	0
1963	6	22.37	11.81	783.55	157.48	390	0
1963	7	23.82	12.81	912.08	18.88	390	0
1963	8	23.89	13.29	841.57	33.52	390	0
1963	9	19.71	8.85	741.31	124.76	390	0
1963	10	12.13	3.16	474.05	120.26	390	0
1963	11	8.19	-0.47	438.05	119.43	390	0
1963	12	3.35	-6.02	349.83	171.76	390	0
1964	1	-2.24	-13.48	382.11	152.19	390	0
1964	2	-1.73	-13.01	546.53	50.59	390	0
1964	3	5.58	-3.48	668.39	72.88	390	0
1964	4	9.45	0.4	784.54	68.32	390	0
1964	5	17.77	6.62	818.91	51.2	390	0
1964	6	22.27	11.75	836.6	33.86	390	0
1964	7	23.95	13.93	812.03	64.32	390	0
1964	8	24.41	13.06	848.5	54.08	390	0
1964	9	19.26	8.86	725.09	77.88	390	0
1964	10	13	2.84	641.65	19	390	0
1964	11	8.59	-0.68	447.2	185.79	390	0
1964	12	4.1	-3.66	366.39	127.53	390	0
1965	1	-0.25	-8.39	384.24	94.53	390	0
1965	2	0.07	-11.19	495.37	252.54	390	0
1965	3	4.45	-5.43	672.78	78.15	390	0
1965	4	9.65	0.93	680.16	174.09	390	0
1965	5	19.55	7.83	907.9	52.91	390	0
1965	6	23.03	12.12	870.59	63.19	390	0
1965	7	25.76	14.53	859.13	81.25	390	0
1965	8	23.41	13.41	818.13	149.83	390	0
1965	9	21.04	10.05	708.51	135.6	390	0
1965	10	15.27	4.64	632.49	89.69	390	0
1965	11	9.02	-0.23	468.66	104.53	390	0
1965	12	4.6	-4.82	379.5	61.76	390	0
1966	1	-0.39	-10.77	469.03	50.83	390	0
1966	2	3.82	-5.92	539.14	77.14	390	0
1966	3	4.81	-5.69	683.36	84.97	390	0
1966	4	12.59	1.84	809.99	162.8	390	0
1966	5	16.83	6.96	706.72	100.99	390	0
1966	6	23.75	12.87	804.7	74.53	390	0
1966	7	25.79	14.98	872.4	85.79	390	0
1966	8	23.8	13.34	818.63	125.35	390	0
1966	9	19.75	9.84	659.28	210.71	390	0
1966	10	13.77	3.65	616.18	50.41	390	0
1966	11	5.7	-2.62	486.4	69.93	390	0
1966	12	4.07	-5.56	395.08	92.28	390	0
1967	1	-0.27	-10.19	425.21	103.99	390	0
1967	2	-1.43	-12.25	534.18	60.38	390	0
1967	3	3.5	-6.3	639.31	163.33	390	0
1967	4	12.47	1.85	778.16	61.53	390	0
1967	5	16.77	6.24	779.14	71.47	390	0
1967	6	21.71	10.38	883.66	131.55	390	0
1967	7	25.32	14.76	842.4	51.52	390	0
1967	8	24.52	13.83	839.74	38.59	390	0
1967	9	20.88	9.48	807.04	7.54	390	0
1967	10	14.75	4.61	593.96	87.57	390	0
1967	11	9.48	1.28	420.37	109.01	390	0
1967	12	4.27	-3.63	363.61	82.97	390	0
1968	1	-2.46	-14.07	391.83	145.43	390	0
1968	2	0.32	-9.99	575.55	21.85	390	0
1968	3	3.91	-5.13	702.23	112	390	0
1968	4	10.7	0.89	777.01	155.53	390	0
1968	5	17.27	6.43	907.49	65.52	390	0
1968	6	22.79	11.17	945.67	33.08	390	0
1968	7	25.59	14.22	892.69	74.61	390	0
1968	8	23.67	13.51	831.23	84.76	390	0
1968	9	20.08	9.93	720.08	164.54	390	0
1968	10	12.65	3.69	518.9	185.72	390	0
1968	11	7.43	-1.29	419.46	176.01	390	0
1968	12	2.19	-8.74	382.65	107.12	390	0
1969	1	-1.93	-12.71	420.07	35.74	390	0
1969	2	0.99	-7.68	452.67	95.45	390	0
1969	3	3.87	-5.62	641.83	136.66	390	0
1969	4	10.94	1.12	801.75	86.05	390	0
1969	5	14.5	5.66	705.54	195.67	390	0
1969	6	20.92	10.12	919.21	48.68	390	0
1969	7	24	13.18	882.42	61.1	390	0
1969	8	22.39	12.76	821.81	47.85	390	0
1969	9	19.38	9.59	713.07	56.78	390	0
1969	10	13.51	3.74	619.06	52.98	390	0
1969	11	7.91	-0.96	471	193.43	390	0
1969	12	0.5	-12.61	355.51	87.43	390	0
1970	1	-3.16	-14.37	394.91	140.97	390	0
1970	2	1.1	-8.26	515.49	150.16	390	0
1970	3	1.38	-9.06	693.54	89.71	390	0
1970	4	10.94	0.69	771.78	105.7	390	0
1970	5	15.95	6.45	739.81	133.36	390	0
1970	6	21.2	10.83	777.63	172.16	390	0
1970	7	24.56	14.02	846.35	109.64	390	0
1970	8	24.88	14.15	840.59	60.5	390	0
1970	9	20.21	10.39	696.47	131.32	390	0
1970	10	13.7	3.77	525.39	288.98	390	0
1970	11	7.89	-0.02	416.6	108.35	390	0
1970	12	2.07	-8.62	389.54	97.7	390	0
1971	1	-1.29	-11.24	425.1	33.94	390	0
1971	2	2.61	-6.39	498.52	75.33	390	0
1971	3	5.93	-3.45	747.94	85.5	390	0
1971	4	12.41	1.91	814.53	124.38	390	0
1971	5	16.8	6.13	903.58	80.34	390	0
1971	6	20.1	9.8	849.17	94.26	390	0
1971	7	24.47	14.14	795.12	88.09	390	0
1971	8	23.25	12.73	828.26	152.59	390	0
1971	9	19.44	8.69	759.78	136.32	390	0
1971	10	12.79	3.15	591.66	159.71	390	0
1971	11	9.53	0.26	446.82	102.28	390	0
1971	12	2.97	-7.11	412.2	58.91	390	0
1972	1	-3.56	-14.31	425.02	78.81	390	0
1972	2	-0.53	-11.74	578.97	30.07	390	0
1972	3	6.52	-2.49	666.02	112.88	390	0
1972	4	10.02	0.78	754.16	192.41	390	0
1972	5	17.77	6.56	892.71	89.29	390	0
1972	6	22.69	11.14	887.96	96	390	0
1972	7	23.65	13.61	840.65	69.76	390	0
1972	8	24.99	14.17	866.4	65.99	390	0
1972	9	19.93	10.6	655.6	142.55	390	0
1972	10	13.9	4.15	607.22	26.25	390	0
1972	11	8.63	-0.68	485.57	63.82	390	0
1972	12	4.14	-4.84	378.84	120.38	390	0
1973	1	0.82	-7.84	422.51	80.25	390	0
1973	2	1.8	-8.12	456.71	83.51	390	0
1973	3	5.53	-4.42	627.52	82.24	390	0
1973	4	12.84	2.65	655.25	177.73	390	0
1973	5	17.9	7	808.62	223.13	390	0
1973	6	21.07	10.6	829.34	113.68	390	0
1973	7	24.75	15.08	801.7	85.02	390	0
1973	8	25.47	14.63	797.26	60.08	390	0
1973	9	20.8	10.44	718.98	154.41	390	0
1973	10	11.9	2.81	525.73	139.22	390	0
1973	11	7.45	-1.74	423.61	169.38	390	0
1973	12	3.71	-6.01	331.9	101.29	390	0
1974	1	-1.33	-11.31	426.72	131.28	390	0
1974	2	2.33	-7.71	501.13	74.34	390	0
1974	3	4.63	-4.46	692.03	86.62	390	0
1974	4	12.65	1.89	770.15	83.75	390	0
1974	5	17.38	6.88	771.49	104.9	390	0
1974	6	20.49	10.24	827.26	124.21	390	0
1974	7	24.34	13.69	856.01	76.14	390	0
1974	8	23.58	13.64	750.46	102.64	390	0
1974	9	18.96	8.15	775.63	100.97	390	0
1974	10	12.18	2.75	548.91	84.04	390	0
1974	11	7.14	-1.35	425.86	152.63	390	0
1974	12	2.71	-5.86	354.67	141	390	0
1975	1	-1.26	-12.89	457.79	24.18	390	0
1975	2	1.21	-8.94	555.67	83.07	390	0
1975	3	7.21	-2.85	568.54	77.12	390	0
1975	4	11.18	1	807.42	121.55	390	0
1975	5	16.6	5.56	855.88	118.43	390	0
1975	6	21.76	11.54	798.63	115.61	390	0
1975	7	24.1	13.75	846.64	128.36	390	0
1975	8	23.31	13.5	777.83	208.23	390	0
1975	9	19.76	10.71	638.7	122.05	390	0
1975	10	14.73	4.45	585.19	107.92	390	0
1975	11	8.6	-1.1	474.29	79.53	390	0
1975	12	3.75	-6.03	371.85	114.38	390	0
1976	1	-1.47	-11.1	410.33	86.2	390	0
1976	2	-2.05	-12.19	523.69	15.18	390	0
1976	3	5.26	-4.01	663.13	59.84	390	0
1976	4	11.21	1.01	771.43	81.57	390	0
1976	5	16.19	5.97	800.82	109.98	390	0
1976	6	21.38	10.39	878.5	185.34	390	0
1976	7	24.66	13.97	871.87	92.03	390	0
1976	8	24.34	14.12	847.69	43.19	390	0
1976	9	19.36	9.04	765.95	93.68	390	0
1976	10	14.05	3.59	618.98	92.4	390	0
1976	11	9.46	0.72	435.07	199.33	390	0
1976	12	0.53	-8.92	382.24	49.39	390	0
1977	1	-1.18	-10.2	409.75	109.67	390	0
1977	2	3.13	-7.2	451.27	150.2	390	0
1977	3	6.8	-3.13	717.91	70.54	390	0
1977	4	12.64	1.98	766.37	73.75	390	0
1977	5	17.94	6.75	787.1	132.92	390	0
1977	6	22.08	11.12	868.23	93.64	390	0
1977	7	23.5	13.25	868.75	127.46	390	0
1977	8	22.63	12.61	879.43	87.16	390	0
1977	9	21.09	10.91	732.45	51.52	390	0
1977	10	14.79	4.74	575.78	278.97	390	0
1977	11	8.25	-0.33	443.57	32.25	390	0
1977	12	3.47	-5.77	403.49	112.27	390	0
1978	1	-1.14	-11.45	410.99	94.46	390	0
1978	2	1.11	-9.15	553.16	47.93	390	0
1978	3	7.4	-1.28	621.98	146.44	390	0
1978	4	11.57	1.85	723.61	97.84	390	0
1978	5	18.36	7.99	696.2	163.12	390	0
1978	6	24.34	12.56	899.93	168.91	390	0
1978	7	25.07	14.27	837.16	125.88	390	0
1978	8	25.19	14.27	884.19	31.41	390	0
1978	9	20.83	9.84	760.64	87.54	390	0
1978	10	14.03	3.63	621.13	39.86	390	0
1978	11	7.19	-1.85	491.27	144.33	390	0
1978	12	4.1	-5.59	373.18	106.63	390	0
1979	1	-0.56	-10.07	380.61	170.87	390	0
1979	2	-4.01	-15.22	551.06	53.07	390	0
1979	3	3.62	-6.28	633.46	191.81	390	0
1979	4	10.4	0.96	716.12	166.75	390	0
1979	5	17.56	7.08	799.19	87.69	390	0
1979	6	21.45	11.36	804.07	104.6	390	0
1979	7	25.62	14.43	894.73	65.37	390	0
1979	8	23.48	13.56	761	111.69	390	0
1979	9	22.5	11.74	699.55	129.3	390	0
1979	10	14.25	5.09	509.38	107.03	390	0
1979	11	9.5	0.53	490.69	118.32	390	0
1979	12	3.98	-5.26	325.91	205.39	390	0
1980	1	0.49	-8.47	400.73	134.78	390	0
1980	2	1.81	-7.61	465.66	104.47	390	0
1980	3	5.5	-3.09	606.89	89.47	390	0
1980	4	10.94	1.08	728.37	107.3	390	0
1980	5	18.94	7.67	776.13	109.45	390	0
1980	6	22.46	12.58	774.53	70.51	390	0
1980	7	26.43	14.63	912.71	93.56	390	0
1980	8	25.14	14.57	842.4	53.03	390	0
1980	9	20.12	10.25	678.09	107.28	390	0
1980	10	13.46	3.85	568.37	135.61	390	0
1980	11	9.93	1.59	487.64	108.81	390	0
1980	12	4.15	-5.15	359.72	149.76	390	0
1981	1	0.01	-8.99	382.83	132.82	390	0
1981	2	1.81	-8.97	501.78	96.17	390	0
1981	3	4.45	-5.79	608.83	150.8	390	0
1981	4	10.25	0.2	809.68	44.43	390	0
1981	5	17.83	6.66	858.3	106.38	390	0
1981	6	23.3	11.73	918.54	72.16	390	0
1981	7	26.5	15.86	819.13	75.72	390	0
1981	8	26.21	14.61	830.07	68.24	390	0
1981	9	21.17	10.32	773.64	44.91	390	0
1981	10	12.89	3.24	585.13	128.1	390	0
1981	11	9.22	1.13	429.1	107.63	390	0
1981	12	5.79	-2.77	399.81	152.6	390	0
1982	1	2.32	-8.02	390.03	200.13	390	0
1982	2	0.79	-11.19	513.96	48.54	390	0
1982	3	4.49	-4.45	703.11	71.71	390	0
1982	4	11.32	0.8	817.99	50.25	390	0
1982	5	15.9	6.09	835.14	66.17	390	0
1982	6	23.39	11.81	931.79	40.87	390	0
1982	7	26.85	14.89	882.05	65.8	390	0
1982	8	25.32	15.09	728.83	111.58	390	0
1982	9	20.16	10.43	641.89	270.53	390	0
1982	10	14.54	4.91	616.02	33.75	390	0
1982	11	7.16	-1.82	433	170.3	390	0
1982	12	5.8	-3.29	392.46	29.13	390	0
1983	1	3.01	-5.51	362.34	114.72	390	0
1983	2	-1.32	-11.14	572.26	18.11	390	0
1983	3	5.05	-4.07	595.45	192.48	390	0
1983	4	11.73	1.61	757.43	193.86	390	0
1983	5	18.26	7.33	749.17	134.54	390	0
1983	6	20.93	10.52	853.94	103.92	390	0
1983	7	25.24	14.76	805.4	88.14	390	0
1983	8	23.45	13.36	814.92	94.84	390	0
1983	9	19.59	9.37	719.6	47.66	390	0
1983	10	14.77	4.73	636.51	41.26	390	0
1983	11	7.65	-0.53	442.06	199.69	390	0
1983	12	4.21	-3.24	348.73	186.4	390	0
1984	1	2.22	-5.47	392.41	122.25	390	0
1984	2	2.2	-6.85	549.59	86.22	390	0
1984	3	4.59	-3.8	622.04	226.89	390	0
1984	4	10.98	1.91	665.21	288.72	390	0
1984	5	15.69	5.88	788.79	43.98	390	0
1984	6	22.11	11.41	875.12	104.95	390	0
1984	7	24.67	14.24	790.57	88.39	390	0
1984	8	23.43	13.47	787.88	77.32	390	0
1984	9	20.99	10.69	719.68	106.05	390	0
1984	10	14.22	4.11	584.11	163.84	390	0
1984	11	9.04	1.04	424.25	257.34	390	0
1984	12	3.05	-6.99	370.15	124.36	390	0
1985	1	-1.09	-11.39	467.56	52.84	390	0
1985	2	3.63	-5.47	422.43	170.63	390	0
1985	3	5.42	-4.13	729.01	103.52	390	0
1985	4	9.34	0.21	694.14	185.25	390	0
1985	5	18.3	7.07	829.32	50.07	390	0
1985	6	23.52	12.25	876.37	64	390	0
1985	7	26.02	15.2	863.48	51.6	390	0
1985	8	25.56	13.99	902.36	77.05	390	0
1985	9	21.2	10.71	689.22	196.08	390	0
1985	10	13.78	4.52	529.99	135.48	390	0
1985	11	6.75	-1.4	457.44	88.93	390	0
1985	12	3.69	-5.46	393.17	40.82	390	0
1986	1	-2.43	-13.86	431.45	71.02	390	0
1986	2	1.53	-8.79	500.78	125.01	390	0
1986	3	5.55	-4.14	668.18	71.65	390	0
1986	4	11.2	1.38	738.93	141.29	390	0
1986	5	18.03	7.33	751.28	85.01	390	0
1986	6	21.13	11	764.77	144.09	390	0
1986	7	25.67	15.39	838.34	97.21	390	0
1986	8	24.66	14.78	784.79	99	390	0
1986	9	18.97	9.44	725.48	101.54	390	0
1986	10	13.55	3.93	575.23	228.45	390	0
1986	11	7.19	-0.86	459.64	56.46	390	0
1986	12	1.46	-7.16	350.28	183.78	390	0
1987	1	0.61	-7.73	399.78	104.94	390	0
1987	2	2.58	-6.26	427.4	141.23	390	0
1987	3	5.76	-3.68	666.71	90.14	390	0
1987	4	11.2	1.06	746.02	90.24	390	0
1987	5	17.81	6.42	825.87	131.29	390	0
1987	6	22.78	11.89	873.54	78.42	390	0
1987	7	25.68	14.94	867.45	108.31	390	0
1987	8	25.14	14.44	791.36	119.33	390	0
1987	9	20.09	10.11	676.97	64.08	390	0
1987	10	12.82	3.56	566.2	150.94	390	0
1987	11	8.67	-0.31	465.35	148.88	390	0
1987	12	3.16	-5.23	408.62	130.21	390	0
1988	1	2.31	-6.21	388.35	163.8	390	0
1988	2	2.27	-7.78	524.15	86.02	390	0
1988	3	5.55	-4.02	611.97	206.15	390	0
1988	4	13.18	2.86	739.86	194.42	390	0
1988	5	17.45	6.41	860.35	70.05	390	0
1988	6	24.49	12.57	885.54	91.88	390	0
1988	7	24.04	13.51	828.56	120.92	390	0
1988	8	24.4	13.94	859.25	80.53	390	0
1988	9	21.84	10.98	745.93	99.07	390	0
1988	10	14.46	3.81	660.77	40.92	390	0
1988	11	8.88	-0.29	486.42	38.89	390	0
1988	12	1.31	-8.7	372.35	98.83	390	0
1989	1	-2.84	-13.27	466.12	49.06	390	0
1989	2	3.18	-5.71	522.98	64.51	390	0
1989	3	9.22	-1.72	637.69	98.81	390	0
1989	4	11.28	1.12	801.75	99.73	390	0
1989	5	16.07	5.65	880.06	77.57	390	0
1989	6	21.96	11.37	828.74	36.55	390	0
1989	7	27.66	15.64	881.1	65.83	390	0
1989	8	26.51	14.87	881.14	50.05	390	0
1989	9	20	10.17	727.66	146.96	390	0
1989	10	15.59	5.53	608.13	48.28	390	0
1989	11	10.25	2.92	353.47	168.39	390	0
1989	12	4.67	-4.06	395.9	172.45	390	0
1990	1	2.18	-7.41	390.83	119.2	390	0
1990	2	2.11	-7.96	521.76	80.67	390	0
1990	3	6.12	-3.61	625.9	116.26	390	0
1990	4	10.25	0.49	767.67	169.22	390	0
1990	5	15.73	5.87	735.48	182.06	390	0
1990	6	21.23	11.37	773.73	136.95	390	0
1990	7	25.55	14.76	867.33	51.21	390	0
1990	8	23.75	13.46	834.77	83.18	390	0
1990	9	19.55	10	698.27	39.04	390	0
1990	10	13.46	4.43	566.42	218.03	390	0
1990	11	7.37	-1.94	465.08	81.13	390	0
1990	12	3.01	-6.32	392.81	147.16	390	0
1991	1	-0.86	-10.62	424.08	79.97	390	0
1991	2	2.86	-6.33	425.31	142.1	390	0
1991	3	5.12	-4.72	663.46	145.93	390	0
1991	4	10.32	0.92	756.63	144.19	390	0
1991	5	18.18	7.17	776.26	97.19	390	0
1991	6	22.09	11.07	903.36	35.46	390	0
1991	7	25.69	14.74	897.35	76.18	390	0
1991	8	23.06	12.39	880.5	35.75	390	0
1991	9	20.29	9.92	770.17	77.84	390	0
1991	10	14.16	4.98	541.59	129.23	390	0
1991	11	8.18	-0.72	462.81	173.06	390	0
1991	12	4.53	-2.99	369.52	69.68	390	0
1992	1	-0.9	-10.52	411.79	66.81	390	0
1992	2	1.43	-8.04	543.03	74.75	390	0
1992	3	4.16	-5.1	720.92	69.58	390	0
1992	4	11.96	2.22	705.04	131.75	390	0
1992	5	16.21	6.27	753.39	85.49	390	0
1992	6	20.73	10.52	846.03	95.52	390	0
1992	7	23.8	13.49	858.21	50.21	390	0
1992	8	21.66	11.84	789.16	62.5	390	0
1992	9	20.27	10.92	690.98	183.26	390	0
1992	10	13.29	3.87	560.97	141.07	390	0
1992	11	7.87	-0.64	428.22	170.53	390	0
1992	12	4.1	-4.27	331.44	195.95	390	0
1993	1	-2.24	-11.03	414.08	63.19	390	0
1993	2	0.72	-8.94	443.57	297.17	390	0
1993	3	6.48	-3.34	785.8	46.02	390	0
1993	4	14.01	3.3	716.85	121.77	390	0
1993	5	17.23	7.02	705.23	91.02	390	0
1993	6	22.33	11.32	883.71	81.96	390	0
1993	7	24.16	14.22	800.7	76.64	390	0
1993	8	25.23	15.02	851.23	42.11	390	0
1993	9	21.61	11.46	670.15	124.08	390	0
1993	10	14.64	5	556.38	87.46	390	0
1993	11	9.95	0.4	478.19	191.28	390	0
1993	12	2.5	-7.52	392.76	74.7	390	0
1994	1	0.96	-9.05	413.09	52.79	390	0
1994	2	4.97	-4	570.94	33.68	390	0
1994	3	7.22	-2.37	674.85	96.64	390	0
1994	4	12.62	1.85	837.64	54.12	390	0
1994	5	17.86	6.64	898.05	67.38	390	0
1994	6	22.71	11.33	927.23	74.93	390	0
1994	7	25.21	15.05	788.68	113.99	390	0
1994	8	26.98	15.09	882.38	34.04	390	0
1994	9	19.7	9.77	743.35	61.86	390	0
1994	10	15.89	6.02	563.35	18.08	390	0
1994	11	9.49	0.48	453.56	90.72	390	0
1994	12	2.94	-6.52	352.48	121.31	390	0
1995	1	3.86	-5.71	384.47	125.49	390	0
1995	2	4.45	-5.16	546.18	42.85	390	0
1995	3	7.97	-2.07	711.76	75.66	390	0
1995	4	11.84	1.33	793.93	55.31	390	0
1995	5	18.45	7.31	798.59	158.29	390	0
1995	6	22.68	12.09	781.6	201.62	390	0
1995	7	24.19	14.12	824.38	211.91	390	0
1995	8	23.76	13.63	760.68	110.89	390	0
1995	9	19.84	10.12	741.12	88.18	390	0
1995	10	14.44	4.51	543.34	115.66	390	0
1995	11	10.59	1.31	431.88	80.82	390	0
1995	12	0.03	-9.38	429.86	35.37	390	0
1996	1	-0.47	-11.53	396.18	93.29	390	0
1996	2	3.09	-7.41	529.84	28.64	390	0
1996	3	5.1	-4.11	603.61	193.02	390	0
1996	4	13.15	1.71	792.37	81.93	390	0
1996	5	17.31	6.65	823.03	81.54	390	0
1996	6	21.63	11.85	768.1	220.37	390	0
1996	7	26.13	14.84	889.9	82.29	390	0
1996	8	25.07	14.51	848.76	81.24	390	0
1996	9	22.28	12.6	635.88	104.37	390	0
1996	10	14.4	4.88	599.77	125.35	390	0
1996	11	8.98	-0.3	393.85	95.43	390	0
1996	12	4.68	-3.82	333.47	133.76	390	0
1997	1	0.28	-9.36	442.08	42.93	390	0
1997	2	0.42	-8.12	522.71	25.2	390	0
1997	3	5.63	-3.67	671.59	158.56	390	0
1997	4	12.44	2.21	771.82	63	390	0
1997	5	19.12	8.32	810.62	53.95	390	0
1997	6	22.28	11.44	822.29	170.13	390	0
1997	7	24.92	14.98	825.32	48.18	390	0
1997	8	24.4	13.63	858.35	51.88	390	0
1997	9	20.1	10.23	716.81	116.75	390	0
1997	10	14.2	5.45	498.29	154.71	390	0
1997	11	7.4	-0.92	431.21	158.05	390	0
1997	12	3.22	-5.46	364.89	178.78	390	0
1998	1	-0.02	-9.2	413.24	161.8	390	0
1998	2	-1.78	-11.17	554.63	35.86	390	0
1998	3	6.5	-2.19	708.89	126.65	390	0
1998	4	10.64	1.25	736.22	87.57	390	0
1998	5	19.71	7.9	831.99	102.78	390	0
1998	6	23.46	11.75	889.72	85.02	390	0
1998	7	26.4	15.36	829.07	153.28	390	0
1998	8	25.1	14.34	840.2	71.91	390	0
1998	9	20.12	9.26	768.23	98.04	390	0
1998	10	15.57	5.57	623.01	58.14	390	0
1998	11	8.91	0.46	437.53	153.46	390	0
1998	12	1.05	-9.33	411.63	92.06	390	0
1999	1	0.24	-9.21	433.46	75.74	390	0
1999	2	3.97	-4.81	474.09	65.49	390	0
1999	3	7.54	-2.62	714.2	62.97	390	0
1999	4	11.18	1.45	734.61	155.91	390	0
1999	5	16.73	6.39	815.41	69.68	390	0
1999	6	23.05	12.01	841.93	112.27	390	0
1999	7	25.99	16.19	821.9	78.31	390	0
1999	8	24.87	14.85	823.16	83.79	390	0
1999	9	21.02	10.37	709.79	127.81	390	0
1999	10	14.39	5.22	556.81	185.98	390	0
1999	11	8.37	-0.1	454.31	155.3	390	0
1999	12	4.16	-2.48	358.24	56.84	390	0
2000	1	2.08	-7.2	388.51	147.98	390	0
2000	2	1.14	-8.6	560.89	66.4	390	0
2000	3	5.55	-3.18	635.11	98.4	390	0
2000	4	12.15	2.08	758.97	86.7	390	0
2000	5	15.82	5.69	829.38	117.76	390	0
2000	6	22.18	12.13	775.29	147.59	390	0
2000	7	25.51	14.58	892.09	56.11	390	0
2000	8	24.51	14.28	835.48	38	390	0
2000	9	21.08	11.05	715.71	127.33	390	0
2000	10	14.66	4.99	603.25	101.4	390	0
2000	11	7.1	-0.75	442.77	169.49	390	0
2000	12	1.45	-7.54	369.4	109.74	390	0
2001	1	-0.25	-8.39	384.24	94.53	390	0
2001	2	0.07	-11.19	495.37	252.54	390	0
2001	3	4.45	-5.43	672.78	78.15	390	0
2001	4	9.65	0.93	680.16	174.09	390	0
2001	5	19.55	7.83	907.9	52.91	390	0
2001	6	23.03	12.12	870.59	63.19	390	0
2001	7	25.76	14.53	859.13	81.25	390	0
2001	8	23.41	13.41	818.13	149.83	390	0
2001	9	21.04	10.05	708.51	135.6	390	0
2001	10	15.27	4.64	632.49	89.69	390	0
2001	11	9.02	-0.23	468.66	104.53	390	0
2001	12	4.6	-4.82	379.5	61.76	390	0
2002	1	0.61	-7.73	399.78	104.94	390	0
2002	2	2.58	-6.26	427.4	141.23	390	0
2002	3	5.76	-3.68	666.71	90.14	390	0
2002	4	11.2	1.06	746.02	90.24	390	0
2002	5	17.81	6.42	825.87	131.29	390	0
2002	6	22.78	11.89	873.54	78.42	390	0
2002	7	25.68	14.94	867.45	108.31	390	0
2002	8	25.14	14.44	791.36	119.33	390	0
2002	9	20.09	10.11	676.97	64.08	390	0
2002	10	12.82	3.56	566.2	150.94	390	0
2002	11	8.67	-0.31	465.35	148.88	390	0
2002	12	3.16	-5.23	408.62	130.21	390	0
2003	1	-0.25	-9.22	444.03	27.58	390	0
2003	2	1.6	-7.53	578.84	117.37	390	0
2003	3	6.84	-1.84	639.18	175.3	390	0
2003	4	13.03	2.55	789.78	94.9	390	0
2003	5	18.25	6.46	865.76	75.24	390	0
2003	6	21.51	11.36	775.27	70.27	390	0
2003	7	25.88	14.73	873.28	57.18	390	0
2003	8	22.95	12.74	786.25	134.04	390	0
2003	9	18.63	8.83	730.46	126.14	390	0
2003	10	12.59	2.89	637.05	37.51	390	0
2003	11	7.66	-1.14	416.46	124.33	390	0
2003	12	2.58	-5.72	298.37	107.87	390	0
2004	1	-0.89	-11.01	448.66	78.51	390	0
2004	2	0.5	-10.54	573.39	50.2	390	0
2004	3	4.94	-3.76	705.15	79.58	390	0
2004	4	12	1.56	795.86	112.84	390	0
2004	5	14.74	5.28	774.68	109.53	390	0
2004	6	20.42	11.02	752.14	172.35	390	0
2004	7	25.32	14.72	846.19	47.3	390	0
2004	8	25.87	14.41	872.64	42.07	390	0
2004	9	22.63	11.12	739.08	62.23	390	0
2004	10	16.35	5.82	569.53	110.77	390	0
2004	11	10.54	0.86	482.22	31.22	390	0
2004	12	3.29	-6.65	337.22	145.82	390	0
2005	1	-1.36	-13.04	360.2	159.79	390	0
2005	2	3.4	-6.29	471.32	126.92	390	0
2005	3	5.45	-4.45	684.01	175.93	390	0
2005	4	10.99	1.18	777.21	111.77	390	0
2005	5	17.98	7.04	769.64	101.1	390	0
2005	6	22.37	11.81	783.55	157.48	390	0
2005	7	23.82	12.81	912.08	18.88	390	0
2005	8	23.89	13.29	841.57	33.52	390	0
2005	9	19.71	8.85	741.31	124.76	390	0
2005	10	12.13	3.16	474.05	120.26	390	0
2005	11	8.19	-0.47	438.05	119.43	390	0
2005	12	3.35	-6.02	349.83	171.76	390	0
2006	1	1.95	-8.27	396.36	121.31	390	0
2006	2	1.78	-8.57	536.03	51	390	0
2006	3	5.49	-3.83	725.71	84.31	390	0
2006	4	10.28	0.59	708.32	148.28	390	0
2006	5	18.79	7.79	668.71	146.55	390	0
2006	6	20.4	10.37	757.02	190.58	390	0
2006	7	22.71	12.78	794.42	140.23	390	0
2006	8	23.64	13.61	775.17	171.57	390	0
2006	9	19.3	9.65	715.78	97.95	390	0
2006	10	13.27	3.59	583.36	145.81	390	0
2006	11	4.94	-3.93	435.19	122.18	390	0
2006	12	-0.05	-9.85	375.86	51.57	390	0
2007	1	-1.93	-12.71	420.07	35.74	390	0
2007	2	0.99	-7.68	452.67	95.45	390	0
2007	3	3.87	-5.62	641.83	136.66	390	0
2007	4	10.94	1.12	801.75	86.05	390	0
2007	5	14.5	5.66	705.54	195.67	390	0
2007	6	20.92	10.12	919.21	48.68	390	0
2007	7	24	13.18	882.42	61.1	390	0
2007	8	22.39	12.76	821.81	47.85	390	0
2007	9	19.38	9.59	713.07	56.78	390	0
2007	10	13.51	3.74	619.06	52.98	390	0
2007	11	7.91	-0.96	471	193.43	390	0
2007	12	0.5	-12.61	355.51	87.43	390	0
2008	1	0.61	-7.73	399.78	104.94	390	0
2008	2	2.58	-6.26	427.4	141.23	390	0
2008	3	5.76	-3.68	666.71	90.14	390	0
2008	4	11.2	1.06	746.02	90.24	390	0
2008	5	17.81	6.42	825.87	131.29	390	0
2008	6	22.78	11.89	873.54	78.42	390	0
2008	7	25.68	14.94	867.45	108.31	390	0
2008	8	25.14	14.44	791.36	119.33	390	0
2008	9	20.09	10.11	676.97	64.08	390	0
2008	10	12.82	3.56	566.2	150.94	390	0
2008	11	8.67	-0.31	465.35	148.88	390	0
2008	12	3.16	-5.23	408.62	130.21	390	0
2009	1	-0.27	-10.19	425.21	103.99	390	0
2009	2	-1.43	-12.25	534.18	60.38	390	0
2009	3	3.5	-6.3	639.31	163.33	390	0
2009	4	12.47	1.85	778.16	61.53	390	0
2009	5	16.77	6.24	779.14	71.47	390	0
2009	6	21.71	10.38	883.66	131.55	390	0
2009	7	25.32	14.76	842.4	51.52	390	0
2009	8	24.52	13.83	839.74	38.59	390	0
2009	9	20.88	9.48	807.04	7.54	390	0
2009	10	14.75	4.61	593.96	87.57	390	0
2009	11	9.48	1.28	420.37	109.01	390	0
2009	12	4.27	-3.63	363.61	82.97	390	0
2010	1	2.18	-7.41	390.83	119.2	390	0
2010	2	2.11	-7.96	521.76	80.67	390	0
2010	3	6.12	-3.61	625.9	116.26	390	0
2010	4	10.25	0.49	767.67	169.22	390	0
2010	5	15.73	5.87	735.48	182.06	390	0
2010	6	21.23	11.37	773.73	136.95	390	0
2010	7	25.55	14.76	867.33	51.21	390	0
2010	8	23.75	13.46	834.77	83.18	390	0
2010	9	19.55	10	698.27	39.04	390	0
2010	10	13.46	4.43	566.42	218.03	390	0
2010	11	7.37	-1.94	465.08	81.13	390	0
2010	12	3.01	-6.32	392.81	147.16	390	0
2011	1	-0.39	-10.77	469.03	50.83	390	0
2011	2	3.82	-5.92	539.14	77.14	390	0
2011	3	4.81	-5.69	683.36	84.97	390	0
2011	4	12.59	1.84	809.99	162.8	390	0
2011	5	16.83	6.96	706.72	100.99	390	0
2011	6	23.75	12.87	804.7	74.53	390	0
2011	7	25.79	14.98	872.4	85.79	390	0
2011	8	23.8	13.34	818.63	125.35	390	0
2011	9	19.75	9.84	659.28	210.71	390	0
2011	10	13.77	3.65	616.18	50.41	390	0
2011	11	5.7	-2.62	486.4	69.93	390	0
2011	12	4.07	-5.56	395.08	92.28	390	0
2012	1	-0.47	-11.53	396.18	93.29	390	0
2012	2	3.09	-7.41	529.84	28.64	390	0
2012	3	5.1	-4.11	603.61	193.02	390	0
2012	4	13.15	1.71	792.37	81.93	390	0
2012	5	17.31	6.65	823.03	81.54	390	0
2012	6	21.63	11.85	768.1	220.37	390	0
2012	7	26.13	14.84	889.9	82.29	390	0
2012	8	25.07	14.51	848.76	81.24	390	0
2012	9	22.28	12.6	635.88	104.37	390	0
2012	10	14.4	4.88	599.77	125.35	390	0
2012	11	8.98	-0.3	393.85	95.43	390	0
2012	12	4.68	-3.82	333.47	133.76	390	0
2013	1	-0.89	-11.01	448.66	78.51	390	0
2013	2	0.5	-10.54	573.39	50.2	390	0
2013	3	4.94	-3.76	705.15	79.58	390	0
2013	4	12	1.56	795.86	112.84	390	0
2013	5	14.74	5.28	774.68	109.53	390	0
2013	6	20.42	11.02	752.14	172.35	390	0
2013	7	25.32	14.72	846.19	47.3	390	0
2013	8	25.87	14.41	872.64	42.07	390	0
2013	9	22.63	11.12	739.08	62.23	390	0
2013	10	16.35	5.82	569.53	110.77	390	0
2013	11	10.54	0.86	482.22	31.22	390	0
2013	12	3.29	-6.65	337.22	145.82	390	0
2014	1	-0.39	-10.77	469.03	50.83	390	0
2014	2	3.82	-5.92	539.14	77.14	390	0
2014	3	4.81	-5.69	683.36	84.97	390	0
2014	4	12.59	1.84	809.99	162.8	390	0
2014	5	16.83	6.96	706.72	100.99	390	0
2014	6	23.75	12.87	804.7	74.53	390	0
2014	7	25.79	14.98	872.4	85.79	390	0
2014	8	23.8	13.34	818.63	125.35	390	0
2014	9	19.75	9.84	659.28	210.71	390	0
2014	10	13.77	3.65	616.18	50.41	390	0
2014	11	5.7	-2.62	486.4	69.93	390	0
2014	12	4.07	-5.56	395.08	92.28	390	0
2015	1	-1.24	-10.81	392.35	54.24	390	0
2015	2	0.06	-9.42	524.02	35.86	390	0
2015	3	5	-4.6	660.34	127.8	390	0
2015	4	11.48	1.23	775.35	174.89	390	0
2015	5	16.47	6.16	807.65	94.62	390	0
2015	6	20.53	10.33	802.24	167.68	390	0
2015	7	24.74	14.16	852.7	100.69	390	0
2015	8	23.83	13.87	777.84	125.09	390	0
2015	9	18.88	8.97	710.49	86.8	390	0
2015	10	13.4	2.91	544.88	68.89	390	0
2015	11	5.52	-2.95	463.47	115.87	390	0
2015	12	3.56	-5	369.13	205.52	390	0
2016	1	-0.89	-10.37	434.51	123.34	390	0
2016	2	1.53	-8.21	579.08	39.37	390	0
2016	3	5.46	-2.75	714.04	175.54	390	0
2016	4	12.54	2.4	725.15	100.19	390	0
2016	5	19.06	7.74	734.28	81	390	0
2016	6	21.51	11.05	846.05	65.89	390	0
2016	7	24.11	14.61	715.83	153.98	390	0
2016	8	23.09	13.13	774.5	102.97	390	0
2016	9	18.14	8.78	685.67	126.33	390	0
2016	10	14.83	4.57	617.74	75.73	390	0
2016	11	6.87	-1.46	439.89	119.72	390	0
2016	12	1.65	-7.66	437.94	95.55	390	0
2017	1	-1.24	-10.81	392.35	54.24	390	0
2017	2	0.06	-9.42	524.02	35.86	390	0
2017	3	5	-4.6	660.34	127.8	390	0
2017	4	11.48	1.23	775.35	174.89	390	0
2017	5	16.47	6.16	807.65	94.62	390	0
2017	6	20.53	10.33	802.24	167.68	390	0
2017	7	24.74	14.16	852.7	100.69	390	0
2017	8	23.83	13.87	777.84	125.09	390	0
2017	9	18.88	8.97	710.49	86.8	390	0
2017	10	13.4	2.91	544.88	68.89	390	0
2017	11	5.52	-2.95	463.47	115.87	390	0
2017	12	3.56	-5	369.13	205.52	390	0
2018	1	0.61	-7.73	399.78	104.94	390	0
2018	2	2.58	-6.26	427.4	141.23	390	0
2018	3	5.76	-3.68	666.71	90.14	390	0
2018	4	11.2	1.06	746.02	90.24	390	0
2018	5	17.81	6.42	825.87	131.29	390	0
2018	6	22.78	11.89	873.54	78.42	390	0
2018	7	25.68	14.94	867.45	108.31	390	0
2018	8	25.14	14.44	791.36	119.33	390	0
2018	9	20.09	10.11	676.97	64.08	390	0
2018	10	12.82	3.56	566.2	150.94	390	0
2018	11	8.67	-0.31	465.35	148.88	390	0
2018	12	3.16	-5.23	408.62	130.21	390	0
2019	1	-1.93	-12.71	420.07	35.74	390	0
2019	2	0.99	-7.68	452.67	95.45	390	0
2019	3	3.87	-5.62	641.83	136.66	390	0
2019	4	10.94	1.12	801.75	86.05	390	0
2019	5	14.5	5.66	705.54	195.67	390	0
2019	6	20.92	10.12	919.21	48.68	390	0
2019	7	24	13.18	882.42	61.1	390	0
2019	8	22.39	12.76	821.81	47.85	390	0
2019	9	19.38	9.59	713.07	56.78	390	0
2019	10	13.51	3.74	619.06	52.98	390	0
2019	11	7.91	-0.96	471	193.43	390	0
2019	12	0.5	-12.61	355.51	87.43	390	0
2020	1	-1.09	-11.39	467.56	52.84	390	0
2020	2	3.63	-5.47	422.43	170.63	390	0
2020	3	5.42	-4.13	729.01	103.52	390	0
2020	4	9.34	0.21	694.14	185.25	390	0
2020	5	18.3	7.07	829.32	50.07	390	0
2020	6	23.52	12.25	876.37	64	390	0
2020	7	26.02	15.2	863.48	51.6	390	0
2020	8	25.56	13.99	902.36	77.05	390	0
2020	9	21.2	10.71	689.22	196.08	390	0
2020	10	13.78	4.52	529.99	135.48	390	0
2020	11	6.75	-1.4	457.44	88.93	390	0
2020	12	3.69	-5.46	393.17	40.82	390	0
2021	1	2.31	-6.21	388.35	163.8	390	0
2021	2	2.27	-7.78	524.15	86.02	390	0
2021	3	5.55	-4.02	611.97	206.15	390	0
2021	4	13.18	2.86	739.86	194.42	390	0
2021	5	17.45	6.41	860.35	70.05	390	0
2021	6	24.49	12.57	885.54	91.88	390	0
2021	7	24.04	13.51	828.56	120.92	390	0
2021	8	24.4	13.94	859.25	80.53	390	0
2021	9	21.84	10.98	745.93	99.07	390	0
2021	10	14.46	3.81	660.77	40.92	390	0
2021	11	8.88	-0.29	486.42	38.89	390	0
2021	12	1.31	-8.7	372.35	98.83	390	0
2022	1	-1.27	-11.27	458.47	41.03	390	0
2022	2	-0.24	-9.9	526.29	90.3	390	0
2022	3	7.07	-2.02	620.39	106.81	390	0
2022	4	11.38	1.7	772.04	188.53	390	0
2022	5	15.13	6.02	703.37	167.73	390	0
2022	6	22.77	12.1	825.63	77.4	390	0
2022	7	26.45	14.69	938.56	51.97	390	0
2022	8	24.7	14.31	762.72	64.71	390	0
2022	9	20.66	10.16	730.76	97.04	390	0
2022	10	12.57	2.54	620.16	93.72	390	0
2022	11	7.01	-1.59	446.23	182.53	390	0
2022	12	1.77	-8.36	331.4	113.37	390	0
2023	1	0.49	-8.47	400.73	134.78	390	0
2023	2	1.81	-7.61	465.66	104.47	390	0
2023	3	5.5	-3.09	606.89	89.47	390	0
2023	4	10.94	1.08	728.37	107.3	390	0
2023	5	18.94	7.67	776.13	109.45	390	0
2023	6	22.46	12.58	774.53	70.51	390	0
2023	7	26.43	14.63	912.71	93.56	390	0
2023	8	25.14	14.57	842.4	53.03	390	0
2023	9	20.12	10.25	678.09	107.28	390	0
2023	10	13.46	3.85	568.37	135.61	390	0
2023	11	9.93	1.59	487.64	108.81	390	0
2023	12	4.15	-5.15	359.72	149.76	390	0
2024	1	-0.14	-10.44	379.73	113.6	390	0
2024	2	1.45	-7.12	419.59	135.04	390	0
2024	3	4.71	-4.13	654.88	204.2	390	0
2024	4	11.89	1.64	782.45	107.91	390	0
2024	5	16.72	6.27	673.57	199.7	390	0
2024	6	21.76	11.18	828.74	58.18	390	0
2024	7	24.63	14.38	804.38	117.43	390	0
2024	8	25.34	14.73	839.46	26.9	390	0
2024	9	18.75	8.86	729.06	71.01	390	0
2024	10	13.35	4.98	499.98	233.73	390	0
2024	11	7.46	-1.14	464.78	148.05	390	0
2024	12	1.48	-8.3	359.01	75.71	390	0
2025	1	-1.47	-11.1	410.33	86.2	390	0
2025	2	-2.05	-12.19	523.69	15.18	390	0
2025	3	5.26	-4.01	663.13	59.84	390	0
2025	4	11.21	1.01	771.43	81.57	390	0
2025	5	16.19	5.97	800.82	109.98	390	0
2025	6	21.38	10.39	878.5	185.34	390	0
2025	7	24.66	13.97	871.87	92.03	390	0
2025	8	24.34	14.12	847.69	43.19	390	0
2025	9	19.36	9.04	765.95	93.68	390	0
2025	10	14.05	3.59	618.98	92.4	390	0
2025	11	9.46	0.72	435.07	199.33	390	0
2025	12	0.53	-8.92	382.24	49.39	390	0
2026	1	3.01	-5.51	362.34	114.72	390	0
2026	2	-1.32	-11.14	572.26	18.11	390	0
2026	3	5.05	-4.07	595.45	192.48	390	0
2026	4	11.73	1.61	757.43	193.86	390	0
2026	5	18.26	7.33	749.17	134.54	390	0
2026	6	20.93	10.52	853.94	103.92	390	0
2026	7	25.24	14.76	805.4	88.14	390	0
2026	8	23.45	13.36	814.92	94.84	390	0
2026	9	19.59	9.37	719.6	47.66	390	0
2026	10	14.77	4.73	636.51	41.26	390	0
2026	11	7.65	-0.53	442.06	199.69	390	0
2026	12	4.21	-3.24	348.73	186.4	390	0
2027	1	0.49	-8.47	400.73	134.78	390	0
2027	2	1.81	-7.61	465.66	104.47	390	0
2027	3	5.5	-3.09	606.89	89.47	390	0
2027	4	10.94	1.08	728.37	107.3	390	0
2027	5	18.94	7.67	776.13	109.45	390	0
2027	6	22.46	12.58	774.53	70.51	390	0
2027	7	26.43	14.63	912.71	93.56	390	0
2027	8	25.14	14.57	842.4	53.03	390	0
2027	9	20.12	10.25	678.09	107.28	390	0
2027	10	13.46	3.85	568.37	135.61	390	0
2027	11	9.93	1.59	487.64	108.81	390	0
2027	12	4.15	-5.15	359.72	149.76	390	0
2028	1	-2.46	-14.07	391.83	145.43	390	0
2028	2	0.32	-9.99	575.55	21.85	390	0
2028	3	3.91	-5.13	702.23	112	390	0
2028	4	10.7	0.89	777.01	155.53	390	0
2028	5	17.27	6.43	907.49	65.52	390	0
2028	6	22.79	11.17	945.67	33.08	390	0
2028	7	25.59	14.22	892.69	74.61	390	0
2028	8	23.67	13.51	831.23	84.76	390	0
2028	9	20.08	9.93	720.08	164.54	390	0
2028	10	12.65	3.69	518.9	185.72	390	0
2028	11	7.43	-1.29	419.46	176.01	390	0
2028	12	2.19	-8.74	382.65	107.12	390	0
2029	1	-1.24	-10.81	392.35	54.24	390	0
2029	2	0.06	-9.42	524.02	35.86	390	0
2029	3	5	-4.6	660.34	127.8	390	0
2029	4	11.48	1.23	775.35	174.89	390	0
2029	5	16.47	6.16	807.65	94.62	390	0
2029	6	20.53	10.33	802.24	167.68	390	0
2029	7	24.74	14.16	852.7	100.69	390	0
2029	8	23.83	13.87	777.84	125.09	390	0
2029	9	18.88	8.97	710.49	86.8	390	0
2029	10	13.4	2.91	544.88	68.89	390	0
2029	11	5.52	-2.95	463.47	115.87	390	0
2029	12	3.56	-5	369.13	205.52	390	0
2030	1	-1.47	-11.1	410.33	86.2	390	0
2030	2	-2.05	-12.19	523.69	15.18	390	0
2030	3	5.26	-4.01	663.13	59.84	390	0
2030	4	11.21	1.01	771.43	81.57	390	0
2030	5	16.19	5.97	800.82	109.98	390	0
2030	6	21.38	10.39	878.5	185.34	390	0
2030	7	24.66	13.97	871.87	92.03	390	0
2030	8	24.34	14.12	847.69	43.19	390	0
2030	9	19.36	9.04	765.95	93.68	390	0
2030	10	14.05	3.59	618.98	92.4	390	0
2030	11	9.46	0.72	435.07	199.33	390	0
2030	12	0.53	-8.92	382.24	49.39	390	0
2031	1	-0.27	-10.19	425.21	103.99	390	0
2031	2	-1.43	-12.25	534.18	60.38	390	0
2031	3	3.5	-6.3	639.31	163.33	390	0
2031	4	12.47	1.85	778.16	61.53	390	0
2031	5	16.77	6.24	779.14	71.47	390	0
2031	6	21.71	10.38	883.66	131.55	390	0
2031	7	25.32	14.76	842.4	51.52	390	0
2031	8	24.52	13.83	839.74	38.59	390	0
2031	9	20.88	9.48	807.04	7.54	390	0
2031	10	14.75	4.61	593.96	87.57	390	0
2031	11	9.48	1.28	420.37	109.01	390	0
2031	12	4.27	-3.63	363.61	82.97	390	0
2032	1	2.08	-7.2	388.51	147.98	390	0
2032	2	1.14	-8.6	560.89	66.4	390	0
2032	3	5.55	-3.18	635.11	98.4	390	0
2032	4	12.15	2.08	758.97	86.7	390	0
2032	5	15.82	5.69	829.38	117.76	390	0
2032	6	22.18	12.13	775.29	147.59	390	0
2032	7	25.51	14.58	892.09	56.11	390	0
2032	8	24.51	14.28	835.48	38	390	0
2032	9	21.08	11.05	715.71	127.33	390	0
2032	10	14.66	4.99	603.25	101.4	390	0
2032	11	7.1	-0.75	442.77	169.49	390	0
2032	12	1.45	-7.54	369.4	109.74	390	0
2033	1	-2.46	-14.07	391.83	145.43	390	0
2033	2	0.32	-9.99	575.55	21.85	390	0
2033	3	3.91	-5.13	702.23	112	390	0
2033	4	10.7	0.89	777.01	155.53	390	0
2033	5	17.27	6.43	907.49	65.52	390	0
2033	6	22.79	11.17	945.67	33.08	390	0
2033	7	25.59	14.22	892.69	74.61	390	0
2033	8	23.67	13.51	831.23	84.76	390	0
2033	9	20.08	9.93	720.08	164.54	390	0
2033	10	12.65	3.69	518.9	185.72	390	0
2033	11	7.43	-1.29	419.46	176.01	390	0
2033	12	2.19	-8.74	382.65	107.12	390	0
2034	1	0.24	-9.21	433.46	75.74	390	0
2034	2	3.97	-4.81	474.09	65.49	390	0
2034	3	7.54	-2.62	714.2	62.97	390	0
2034	4	11.18	1.45	734.61	155.91	390	0
2034	5	16.73	6.39	815.41	69.68	390	0
2034	6	23.05	12.01	841.93	112.27	390	0
2034	7	25.99	16.19	821.9	78.31	390	0
2034	8	24.87	14.85	823.16	83.79	390	0
2034	9	21.02	10.37	709.79	127.81	390	0
2034	10	14.39	5.22	556.81	185.98	390	0
2034	11	8.37	-0.1	454.31	155.3	390	0
2034	12	4.16	-2.48	358.24	56.84	390	0
2035	1	-0.9	-10.52	411.79	66.81	390	0
2035	2	1.43	-8.04	543.03	74.75	390	0
2035	3	4.16	-5.1	720.92	69.58	390	0
2035	4	11.96	2.22	705.04	131.75	390	0
2035	5	16.21	6.27	753.39	85.49	390	0
2035	6	20.73	10.52	846.03	95.52	390	0
2035	7	23.8	13.49	858.21	50.21	390	0
2035	8	21.66	11.84	789.16	62.5	390	0
2035	9	20.27	10.92	690.98	183.26	390	0
2035	10	13.29	3.87	560.97	141.07	390	0
2035	11	7.87	-0.64	428.22	170.53	390	0
2035	12	4.1	-4.27	331.44	195.95	390	0
2036	1	0.28	-9.36	442.08	42.93	390	0
2036	2	0.42	-8.12	522.71	25.2	390	0
2036	3	5.63	-3.67	671.59	158.56	390	0
2036	4	12.44	2.21	771.82	63	390	0
2036	5	19.12	8.32	810.62	53.95	390	0
2036	6	22.28	11.44	822.29	170.13	390	0
2036	7	24.92	14.98	825.32	48.18	390	0
2036	8	24.4	13.63	858.35	51.88	390	0
2036	9	20.1	10.23	716.81	116.75	390	0
2036	10	14.2	5.45	498.29	154.71	390	0
2036	11	7.4	-0.92	431.21	158.05	390	0
2036	12	3.22	-5.46	364.89	178.78	390	0
2037	1	-1.36	-13.04	360.2	159.79	390	0
2037	2	3.4	-6.29	471.32	126.92	390	0
2037	3	5.45	-4.45	684.01	175.93	390	0
2037	4	10.99	1.18	777.21	111.77	390	0
2037	5	17.98	7.04	769.64	101.1	390	0
2037	6	22.37	11.81	783.55	157.48	390	0
2037	7	23.82	12.81	912.08	18.88	390	0
2037	8	23.89	13.29	841.57	33.52	390	0
2037	9	19.71	8.85	741.31	124.76	390	0
2037	10	12.13	3.16	474.05	120.26	390	0
2037	11	8.19	-0.47	438.05	119.43	390	0
2037	12	3.35	-6.02	349.83	171.76	390	0
2038	1	0.3	-8.59	382.67	143.23	390	0
2038	2	1.28	-7.7	401.46	183.89	390	0
2038	3	5.16	-3.08	614.43	134.59	390	0
2038	4	12.17	1.48	815.12	57.46	390	0
2038	5	16.6	6.57	729.71	86.41	390	0
2038	6	21.48	11.5	801	64.18	390	0
2038	7	23.89	12.92	905.06	83.82	390	0
2038	8	22.96	13.09	786.29	168.78	390	0
2038	9	20.14	10.11	714.43	92.64	390	0
2038	10	15.37	5.69	521.31	142.24	390	0
2038	11	6.28	-3.05	499.03	83.65	390	0
2038	12	3.12	-7.18	407.61	120.26	390	0
2039	1	-1.21	-10.49	410.15	110.6	390	0
2039	2	1.8	-8.59	477.5	79.36	390	0
2039	3	6.89	-2.43	627.5	142.02	390	0
2039	4	12.09	2	791.05	90.33	390	0
2039	5	17.75	6.49	843.71	84.43	390	0
2039	6	22.16	11.65	845.61	71.23	390	0
2039	7	26.01	14.34	912.12	42.87	390	0
2039	8	25.25	14.97	769.49	88.25	390	0
2039	9	20.41	9.64	759.2	52.92	390	0
2039	10	15.02	4.73	619.32	82.22	390	0
2039	11	8.36	-0.08	465.71	104.97	390	0
2039	12	2.89	-5.74	381.37	113.69	390	0
2040	1	-0.02	-9.2	413.24	161.8	390	0
2040	2	-1.78	-11.17	554.63	35.86	390	0
2040	3	6.5	-2.19	708.89	126.65	390	0
2040	4	10.64	1.25	736.22	87.57	390	0
2040	5	19.71	7.9	831.99	102.78	390	0
2040	6	23.46	11.75	889.72	85.02	390	0
2040	7	26.4	15.36	829.07	153.28	390	0
2040	8	25.1	14.34	840.2	71.91	390	0
2040	9	20.12	9.26	768.23	98.04	390	0
2040	10	15.57	5.57	623.01	58.14	390	0
2040	11	8.91	0.46	437.53	153.46	390	0
2040	12	1.05	-9.33	411.63	92.06	390	0
2041	1	-2.46	-14.07	391.83	145.43	390	0
2041	2	0.32	-9.99	575.55	21.85	390	0
2041	3	3.91	-5.13	702.23	112	390	0
2041	4	10.7	0.89	777.01	155.53	390	0
2041	5	17.27	6.43	907.49	65.52	390	0
2041	6	22.79	11.17	945.67	33.08	390	0
2041	7	25.59	14.22	892.69	74.61	390	0
2041	8	23.67	13.51	831.23	84.76	390	0
2041	9	20.08	9.93	720.08	164.54	390	0
2041	10	12.65	3.69	518.9	185.72	390	0
2041	11	7.43	-1.29	419.46	176.01	390	0
2041	12	2.19	-8.74	382.65	107.12	390	0
2042	1	-0.39	-10.77	469.03	50.83	390	0
2042	2	3.82	-5.92	539.14	77.14	390	0
2042	3	4.81	-5.69	683.36	84.97	390	0
2042	4	12.59	1.84	809.99	162.8	390	0
2042	5	16.83	6.96	706.72	100.99	390	0
2042	6	23.75	12.87	804.7	74.53	390	0
2042	7	25.79	14.98	872.4	85.79	390	0
2042	8	23.8	13.34	818.63	125.35	390	0
2042	9	19.75	9.84	659.28	210.71	390	0
2042	10	13.77	3.65	616.18	50.41	390	0
2042	11	5.7	-2.62	486.4	69.93	390	0
2042	12	4.07	-5.56	395.08	92.28	390	0
2043	1	3.86	-5.71	384.47	125.49	390	0
2043	2	4.45	-5.16	546.18	42.85	390	0
2043	3	7.97	-2.07	711.76	75.66	390	0
2043	4	11.84	1.33	793.93	55.31	390	0
2043	5	18.45	7.31	798.59	158.29	390	0
2043	6	22.68	12.09	781.6	201.62	390	0
2043	7	24.19	14.12	824.38	211.91	390	0
2043	8	23.76	13.63	760.68	110.89	390	0
2043	9	19.84	10.12	741.12	88.18	390	0
2043	10	14.44	4.51	543.34	115.66	390	0
2043	11	10.59	1.31	431.88	80.82	390	0
2043	12	0.03	-9.38	429.86	35.37	390	0
2044	1	-2.84	-13.27	466.12	49.06	390	0
2044	2	3.18	-5.71	522.98	64.51	390	0
2044	3	9.22	-1.72	637.69	98.81	390	0
2044	4	11.28	1.12	801.75	99.73	390	0
2044	5	16.07	5.65	880.06	77.57	390	0
2044	6	21.96	11.37	828.74	36.55	390	0
2044	7	27.66	15.64	881.1	65.83	390	0
2044	8	26.51	14.87	881.14	50.05	390	0
2044	9	20	10.17	727.66	146.96	390	0
2044	10	15.59	5.53	608.13	48.28	390	0
2044	11	10.25	2.92	353.47	168.39	390	0
2044	12	4.67	-4.06	395.9	172.45	390	0
2045	1	1.93	-7.18	343.53	87.32	390	0
2045	2	0.1	-9.98	518	28.38	390	0
2045	3	4.42	-4.7	674.25	110.7	390	0
2045	4	13.22	3.32	678.58	75.09	390	0
2045	5	17.01	6.65	788.33	126.73	390	0
2045	6	21.06	10.76	777.52	136.43	390	0
2045	7	25.36	14.81	829.26	111.58	390	0
2045	8	23.48	13.64	777.97	64.6	390	0
2045	9	20.69	10.39	717.08	92.37	390	0
2045	10	15.21	5.31	574.98	99.21	390	0
2045	11	10.08	1.23	439.38	65.16	390	0
2045	12	3.8	-5.33	356.36	172.3	390	0
2046	1	0.24	-9.21	433.46	75.74	390	0
2046	2	3.97	-4.81	474.09	65.49	390	0
2046	3	7.54	-2.62	714.2	62.97	390	0
2046	4	11.18	1.45	734.61	155.91	390	0
2046	5	16.73	6.39	815.41	69.68	390	0
2046	6	23.05	12.01	841.93	112.27	390	0
2046	7	25.99	16.19	821.9	78.31	390	0
2046	8	24.87	14.85	823.16	83.79	390	0
2046	9	21.02	10.37	709.79	127.81	390	0
2046	10	14.39	5.22	556.81	185.98	390	0
2046	11	8.37	-0.1	454.31	155.3	390	0
2046	12	4.16	-2.48	358.24	56.84	390	0
2047	1	3.01	-5.51	362.34	114.72	390	0
2047	2	-1.32	-11.14	572.26	18.11	390	0
2047	3	5.05	-4.07	595.45	192.48	390	0
2047	4	11.73	1.61	757.43	193.86	390	0
2047	5	18.26	7.33	749.17	134.54	390	0
2047	6	20.93	10.52	853.94	103.92	390	0
2047	7	25.24	14.76	805.4	88.14	390	0
2047	8	23.45	13.36	814.92	94.84	390	0
2047	9	19.59	9.37	719.6	47.66	390	0
2047	10	14.77	4.73	636.51	41.26	390	0
2047	11	7.65	-0.53	442.06	199.69	390	0
2047	12	4.21	-3.24	348.73	186.4	390	0
2048	1	-1.93	-12.71	420.07	35.74	390	0
2048	2	0.99	-7.68	452.67	95.45	390	0
2048	3	3.87	-5.62	641.83	136.66	390	0
2048	4	10.94	1.12	801.75	86.05	390	0
2048	5	14.5	5.66	705.54	195.67	390	0
2048	6	20.92	10.12	919.21	48.68	390	0
2048	7	24	13.18	882.42	61.1	390	0
2048	8	22.39	12.76	821.81	47.85	390	0
2048	9	19.38	9.59	713.07	56.78	390	0
2048	10	13.51	3.74	619.06	52.98	390	0
2048	11	7.91	-0.96	471	193.43	390	0
2048	12	0.5	-12.61	355.51	87.43	390	0
2049	1	2.08	-7.2	388.51	147.98	390	0
2049	2	1.14	-8.6	560.89	66.4	390	0
2049	3	5.55	-3.18	635.11	98.4	390	0
2049	4	12.15	2.08	758.97	86.7	390	0
2049	5	15.82	5.69	829.38	117.76	390	0
2049	6	22.18	12.13	775.29	147.59	390	0
2049	7	25.51	14.58	892.09	56.11	390	0
2049	8	24.51	14.28	835.48	38	390	0
2049	9	21.08	11.05	715.71	127.33	390	0
2049	10	14.66	4.99	603.25	101.4	390	0
2049	11	7.1	-0.75	442.77	169.49	390	0
2049	12	1.45	-7.54	369.4	109.74	390	0
2050	1	-0.86	-10.62	424.08	79.97	390	0
2050	2	2.86	-6.33	425.31	142.1	390	0
2050	3	5.12	-4.72	663.46	145.93	390	0
2050	4	10.32	0.92	756.63	144.19	390	0
2050	5	18.18	7.17	776.26	97.19	390	0
2050	6	22.09	11.07	903.36	35.46	390	0
2050	7	25.69	14.74	897.35	76.18	390	0
2050	8	23.06	12.39	880.5	35.75	390	0
2050	9	20.29	9.92	770.17	77.84	390	0
2050	10	14.16	4.98	541.59	129.23	390	0
2050	11	8.18	-0.72	462.81	173.06	390	0
2050	12	4.53	-2.99	369.52	69.68	390	0
2051	1	3.86	-5.71	384.47	125.49	390	0
2051	2	4.45	-5.16	546.18	42.85	390	0
2051	3	7.97	-2.07	711.76	75.66	390	0
2051	4	11.84	1.33	793.93	55.31	390	0
2051	5	18.45	7.31	798.59	158.29	390	0
2051	6	22.68	12.09	781.6	201.62	390	0
2051	7	24.19	14.12	824.38	211.91	390	0
2051	8	23.76	13.63	760.68	110.89	390	0
2051	9	19.84	10.12	741.12	88.18	390	0
2051	10	14.44	4.51	543.34	115.66	390	0
2051	11	10.59	1.31	431.88	80.82	390	0
2051	12	0.03	-9.38	429.86	35.37	390	0
2052	1	0.35	-10.72	393.33	215.2	390	0
2052	2	-2.24	-13.77	501.41	53.9	390	0
2052	3	4.47	-4.01	633.12	179.89	390	0
2052	4	11.51	1.76	752.82	95.55	390	0
2052	5	16.44	5.96	766.11	149.93	390	0
2052	6	23.41	12.61	833.69	92.26	390	0
2052	7	25.58	14.3	872.09	91.03	390	0
2052	8	25.3	13.81	903.39	18.49	390	0
2052	9	19.38	8.81	748.76	176.03	390	0
2052	10	15.08	5.54	537.82	136.95	390	0
2052	11	6.97	-2	444.52	131.25	390	0
2052	12	0.44	-8.78	387.31	103.5	390	0
2053	1	-1.24	-10.81	392.35	54.24	390	0
2053	2	0.06	-9.42	524.02	35.86	390	0
2053	3	5	-4.6	660.34	127.8	390	0
2053	4	11.48	1.23	775.35	174.89	390	0
2053	5	16.47	6.16	807.65	94.62	390	0
2053	6	20.53	10.33	802.24	167.68	390	0
2053	7	24.74	14.16	852.7	100.69	390	0
2053	8	23.83	13.87	777.84	125.09	390	0
2053	9	18.88	8.97	710.49	86.8	390	0
2053	10	13.4	2.91	544.88	68.89	390	0
2053	11	5.52	-2.95	463.47	115.87	390	0
2053	12	3.56	-5	369.13	205.52	390	0
2054	1	1.93	-7.18	343.53	87.32	390	0
2054	2	0.1	-9.98	518	28.38	390	0
2054	3	4.42	-4.7	674.25	110.7	390	0
2054	4	13.22	3.32	678.58	75.09	390	0
2054	5	17.01	6.65	788.33	126.73	390	0
2054	6	21.06	10.76	777.52	136.43	390	0
2054	7	25.36	14.81	829.26	111.58	390	0
2054	8	23.48	13.64	777.97	64.6	390	0
2054	9	20.69	10.39	717.08	92.37	390	0
2054	10	15.21	5.31	574.98	99.21	390	0
2054	11	10.08	1.23	439.38	65.16	390	0
2054	12	3.8	-5.33	356.36	172.3	390	0
2055	1	-0.47	-11.53	396.18	93.29	390	0
2055	2	3.09	-7.41	529.84	28.64	390	0
2055	3	5.1	-4.11	603.61	193.02	390	0
2055	4	13.15	1.71	792.37	81.93	390	0
2055	5	17.31	6.65	823.03	81.54	390	0
2055	6	21.63	11.85	768.1	220.37	390	0
2055	7	26.13	14.84	889.9	82.29	390	0
2055	8	25.07	14.51	848.76	81.24	390	0
2055	9	22.28	12.6	635.88	104.37	390	0
2055	10	14.4	4.88	599.77	125.35	390	0
2055	11	8.98	-0.3	393.85	95.43	390	0
2055	12	4.68	-3.82	333.47	133.76	390	0
2056	1	0.96	-9.05	413.09	52.79	390	0
2056	2	4.97	-4	570.94	33.68	390	0
2056	3	7.22	-2.37	674.85	96.64	390	0
2056	4	12.62	1.85	837.64	54.12	390	0
2056	5	17.86	6.64	898.05	67.38	390	0
2056	6	22.71	11.33	927.23	74.93	390	0
2056	7	25.21	15.05	788.68	113.99	390	0
2056	8	26.98	15.09	882.38	34.04	390	0
2056	9	19.7	9.77	743.35	61.86	390	0
2056	10	15.89	6.02	563.35	18.08	390	0
2056	11	9.49	0.48	453.56	90.72	390	0
2056	12	2.94	-6.52	352.48	121.31	390	0
2057	1	-2.24	-11.03	414.08	63.19	390	0
2057	2	0.72	-8.94	443.57	297.17	390	0
2057	3	6.48	-3.34	785.8	46.02	390	0
2057	4	14.01	3.3	716.85	121.77	390	0
2057	5	17.23	7.02	705.23	91.02	390	0
2057	6	22.33	11.32	883.71	81.96	390	0
2057	7	24.16	14.22	800.7	76.64	390	0
2057	8	25.23	15.02	851.23	42.11	390	0
2057	9	21.61	11.46	670.15	124.08	390	0
2057	10	14.64	5	556.38	87.46	390	0
2057	11	9.95	0.4	478.19	191.28	390	0
2057	12	2.5	-7.52	392.76	74.7	390	0
2058	1	0.49	-8.47	400.73	134.78	390	0
2058	2	1.81	-7.61	465.66	104.47	390	0
2058	3	5.5	-3.09	606.89	89.47	390	0
2058	4	10.94	1.08	728.37	107.3	390	0
2058	5	18.94	7.67	776.13	109.45	390	0
2058	6	22.46	12.58	774.53	70.51	390	0
2058	7	26.43	14.63	912.71	93.56	390	0
2058	8	25.14	14.57	842.4	53.03	390	0
2058	9	20.12	10.25	678.09	107.28	390	0
2058	10	13.46	3.85	568.37	135.61	390	0
2058	11	9.93	1.59	487.64	108.81	390	0
2058	12	4.15	-5.15	359.72	149.76	390	0
2059	1	0.96	-9.05	413.09	52.79	390	0
2059	2	4.97	-4	570.94	33.68	390	0
2059	3	7.22	-2.37	674.85	96.64	390	0
2059	4	12.62	1.85	837.64	54.12	390	0
2059	5	17.86	6.64	898.05	67.38	390	0
2059	6	22.71	11.33	927.23	74.93	390	0
2059	7	25.21	15.05	788.68	113.99	390	0
2059	8	26.98	15.09	882.38	34.04	390	0
2059	9	19.7	9.77	743.35	61.86	390	0
2059	10	15.89	6.02	563.35	18.08	390	0
2059	11	9.49	0.48	453.56	90.72	390	0
2059	12	2.94	-6.52	352.48	121.31	390	0
2060	1	-1.33	-11.31	426.72	131.28	390	0
2060	2	2.33	-7.71	501.13	74.34	390	0
2060	3	4.63	-4.46	692.03	86.62	390	0
2060	4	12.65	1.89	770.15	83.75	390	0
2060	5	17.38	6.88	771.49	104.9	390	0
2060	6	20.49	10.24	827.26	124.21	390	0
2060	7	24.34	13.69	856.01	76.14	390	0
2060	8	23.58	13.64	750.46	102.64	390	0
2060	9	18.96	8.15	775.63	100.97	390	0
2060	10	12.18	2.75	548.91	84.04	390	0
2060	11	7.14	-1.35	425.86	152.63	390	0
2060	12	2.71	-5.86	354.67	141	390	0
2061	1	-3.16	-14.37	394.91	140.97	390	0
2061	2	1.1	-8.26	515.49	150.16	390	0
2061	3	1.38	-9.06	693.54	89.71	390	0
2061	4	10.94	0.69	771.78	105.7	390	0
2061	5	15.95	6.45	739.81	133.36	390	0
2061	6	21.2	10.83	777.63	172.16	390	0
2061	7	24.56	14.02	846.35	109.64	390	0
2061	8	24.88	14.15	840.59	60.5	390	0
2061	9	20.21	10.39	696.47	131.32	390	0
2061	10	13.7	3.77	525.39	288.98	390	0
2061	11	7.89	-0.02	416.6	108.35	390	0
2061	12	2.07	-8.62	389.54	97.7	390	0
2062	1	1.56	-8.19	443.11	133.66	390	0
2062	2	2.37	-6.81	574.04	78.67	390	0
2062	3	5.91	-2.97	658.8	125.75	390	0
2062	4	11	1.38	747.67	173.31	390	0
2062	5	15.99	6.19	736.28	50.63	390	0
2062	6	20.31	10.34	817.72	52.78	390	0
2062	7	24.4	14.47	790.83	194.29	390	0
2062	8	23.84	13.13	853.82	54.17	390	0
2062	9	19.13	8.14	805.66	27.76	390	0
2062	10	14.04	4.21	560.2	128.34	390	0
2062	11	8.65	-0.22	474.86	121.65	390	0
2062	12	0.37	-8.85	368.94	119.91	390	0
2063	1	-2.24	-13.48	382.11	152.19	390	0
2063	2	-1.73	-13.01	546.53	50.59	390	0
2063	3	5.58	-3.48	668.39	72.88	390	0
2063	4	9.45	0.4	784.54	68.32	390	0
2063	5	17.77	6.62	818.91	51.2	390	0
2063	6	22.27	11.75	836.6	33.86	390	0
2063	7	23.95	13.93	812.03	64.32	390	0
2063	8	24.41	13.06	848.5	54.08	390	0
2063	9	19.26	8.86	725.09	77.88	390	0
2063	10	13	2.84	641.65	19	390	0
2063	11	8.59	-0.68	447.2	185.79	390	0
2063	12	4.1	-3.66	366.39	127.53	390	0
2064	1	-1.47	-11.1	410.33	86.2	390	0
2064	2	-2.05	-12.19	523.69	15.18	390	0
2064	3	5.26	-4.01	663.13	59.84	390	0
2064	4	11.21	1.01	771.43	81.57	390	0
2064	5	16.19	5.97	800.82	109.98	390	0
2064	6	21.38	10.39	878.5	185.34	390	0
2064	7	24.66	13.97	871.87	92.03	390	0
2064	8	24.34	14.12	847.69	43.19	390	0
2064	9	19.36	9.04	765.95	93.68	390	0
2064	10	14.05	3.59	618.98	92.4	390	0
2064	11	9.46	0.72	435.07	199.33	390	0
2064	12	0.53	-8.92	382.24	49.39	390	0
2065	1	-0.89	-11.01	448.66	78.51	390	0
2065	2	0.5	-10.54	573.39	50.2	390	0
2065	3	4.94	-3.76	705.15	79.58	390	0
2065	4	12	1.56	795.86	112.84	390	0
2065	5	14.74	5.28	774.68	109.53	390	0
2065	6	20.42	11.02	752.14	172.35	390	0
2065	7	25.32	14.72	846.19	47.3	390	0
2065	8	25.87	14.41	872.64	42.07	390	0
2065	9	22.63	11.12	739.08	62.23	390	0
2065	10	16.35	5.82	569.53	110.77	390	0
2065	11	10.54	0.86	482.22	31.22	390	0
2065	12	3.29	-6.65	337.22	145.82	390	0
2066	1	1.95	-8.27	396.36	121.31	390	0
2066	2	1.78	-8.57	536.03	51	390	0
2066	3	5.49	-3.83	725.71	84.31	390	0
2066	4	10.28	0.59	708.32	148.28	390	0
2066	5	18.79	7.79	668.71	146.55	390	0
2066	6	20.4	10.37	757.02	190.58	390	0
2066	7	22.71	12.78	794.42	140.23	390	0
2066	8	23.64	13.61	775.17	171.57	390	0
2066	9	19.3	9.65	715.78	97.95	390	0
2066	10	13.27	3.59	583.36	145.81	390	0
2066	11	4.94	-3.93	435.19	122.18	390	0
2066	12	-0.05	-9.85	375.86	51.57	390	0
2067	1	-0.86	-10.62	424.08	79.97	390	0
2067	2	2.86	-6.33	425.31	142.1	390	0
2067	3	5.12	-4.72	663.46	145.93	390	0
2067	4	10.32	0.92	756.63	144.19	390	0
2067	5	18.18	7.17	776.26	97.19	390	0
2067	6	22.09	11.07	903.36	35.46	390	0
2067	7	25.69	14.74	897.35	76.18	390	0
2067	8	23.06	12.39	880.5	35.75	390	0
2067	9	20.29	9.92	770.17	77.84	390	0
2067	10	14.16	4.98	541.59	129.23	390	0
2067	11	8.18	-0.72	462.81	173.06	390	0
2067	12	4.53	-2.99	369.52	69.68	390	0
2068	1	-1.18	-10.2	409.75	109.67	390	0
2068	2	3.13	-7.2	451.27	150.2	390	0
2068	3	6.8	-3.13	717.91	70.54	390	0
2068	4	12.64	1.98	766.37	73.75	390	0
2068	5	17.94	6.75	787.1	132.92	390	0
2068	6	22.08	11.12	868.23	93.64	390	0
2068	7	23.5	13.25	868.75	127.46	390	0
2068	8	22.63	12.61	879.43	87.16	390	0
2068	9	21.09	10.91	732.45	51.52	390	0
2068	10	14.79	4.74	575.78	278.97	390	0
2068	11	8.25	-0.33	443.57	32.25	390	0
2068	12	3.47	-5.77	403.49	112.27	390	0
2069	1	0.24	-9.21	433.46	75.74	390	0
2069	2	3.97	-4.81	474.09	65.49	390	0
2069	3	7.54	-2.62	714.2	62.97	390	0
2069	4	11.18	1.45	734.61	155.91	390	0
2069	5	16.73	6.39	815.41	69.68	390	0
2069	6	23.05	12.01	841.93	112.27	390	0
2069	7	25.99	16.19	821.9	78.31	390	0
2069	8	24.87	14.85	823.16	83.79	390	0
2069	9	21.02	10.37	709.79	127.81	390	0
2069	10	14.39	5.22	556.81	185.98	390	0
2069	11	8.37	-0.1	454.31	155.3	390	0
2069	12	4.16	-2.48	358.24	56.84	390	0
2070	1	-1.29	-11.24	425.1	33.94	390	0
2070	2	2.61	-6.39	498.52	75.33	390	0
2070	3	5.93	-3.45	747.94	85.5	390	0
2070	4	12.41	1.91	814.53	124.38	390	0
2070	5	16.8	6.13	903.58	80.34	390	0
2070	6	20.1	9.8	849.17	94.26	390	0
2070	7	24.47	14.14	795.12	88.09	390	0
2070	8	23.25	12.73	828.26	152.59	390	0
2070	9	19.44	8.69	759.78	136.32	390	0
2070	10	12.79	3.15	591.66	159.71	390	0
2070	11	9.53	0.26	446.82	102.28	390	0
2070	12	2.97	-7.11	412.2	58.91	390	0
2071	1	-1.93	-12.71	420.07	35.74	390	0
2071	2	0.99	-7.68	452.67	95.45	390	0
2071	3	3.87	-5.62	641.83	136.66	390	0
2071	4	10.94	1.12	801.75	86.05	390	0
2071	5	14.5	5.66	705.54	195.67	390	0
2071	6	20.92	10.12	919.21	48.68	390	0
2071	7	24	13.18	882.42	61.1	390	0
2071	8	22.39	12.76	821.81	47.85	390	0
2071	9	19.38	9.59	713.07	56.78	390	0
2071	10	13.51	3.74	619.06	52.98	390	0
2071	11	7.91	-0.96	471	193.43	390	0
2071	12	0.5	-12.61	355.51	87.43	390	0
2072	1	-1.47	-11.1	410.33	86.2	390	0
2072	2	-2.05	-12.19	523.69	15.18	390	0
2072	3	5.26	-4.01	663.13	59.84	390	0
2072	4	11.21	1.01	771.43	81.57	390	0
2072	5	16.19	5.97	800.82	109.98	390	0
2072	6	21.38	10.39	878.5	185.34	390	0
2072	7	24.66	13.97	871.87	92.03	390	0
2072	8	24.34	14.12	847.69	43.19	390	0
2072	9	19.36	9.04	765.95	93.68	390	0
2072	10	14.05	3.59	618.98	92.4	390	0
2072	11	9.46	0.72	435.07	199.33	390	0
2072	12	0.53	-8.92	382.24	49.39	390	0
2073	1	-2.24	-11.03	414.08	63.19	390	0
2073	2	0.72	-8.94	443.57	297.17	390	0
2073	3	6.48	-3.34	785.8	46.02	390	0
2073	4	14.01	3.3	716.85	121.77	390	0
2073	5	17.23	7.02	705.23	91.02	390	0
2073	6	22.33	11.32	883.71	81.96	390	0
2073	7	24.16	14.22	800.7	76.64	390	0
2073	8	25.23	15.02	851.23	42.11	390	0
2073	9	21.61	11.46	670.15	124.08	390	0
2073	10	14.64	5	556.38	87.46	390	0
2073	11	9.95	0.4	478.19	191.28	390	0
2073	12	2.5	-7.52	392.76	74.7	390	0
2074	1	-1.14	-11.45	410.99	94.46	390	0
2074	2	1.11	-9.15	553.16	47.93	390	0
2074	3	7.4	-1.28	621.98	146.44	390	0
2074	4	11.57	1.85	723.61	97.84	390	0
2074	5	18.36	7.99	696.2	163.12	390	0
2074	6	24.34	12.56	899.93	168.91	390	0
2074	7	25.07	14.27	837.16	125.88	390	0
2074	8	25.19	14.27	884.19	31.41	390	0
2074	9	20.83	9.84	760.64	87.54	390	0
2074	10	14.03	3.63	621.13	39.86	390	0
2074	11	7.19	-1.85	491.27	144.33	390	0
2074	12	4.1	-5.59	373.18	106.63	390	0
2075	1	-3.16	-14.37	394.91	140.97	390	0
2075	2	1.1	-8.26	515.49	150.16	390	0
2075	3	1.38	-9.06	693.54	89.71	390	0
2075	4	10.94	0.69	771.78	105.7	390	0
2075	5	15.95	6.45	739.81	133.36	390	0
2075	6	21.2	10.83	777.63	172.16	390	0
2075	7	24.56	14.02	846.35	109.64	390	0
2075	8	24.88	14.15	840.59	60.5	390	0
2075	9	20.21	10.39	696.47	131.32	390	0
2075	10	13.7	3.77	525.39	288.98	390	0
2075	11	7.89	-0.02	416.6	108.35	390	0
2075	12	2.07	-8.62	389.54	97.7	390	0
2076	1	-2.43	-13.86	431.45	71.02	390	0
2076	2	1.53	-8.79	500.78	125.01	390	0
2076	3	5.55	-4.14	668.18	71.65	390	0
2076	4	11.2	1.38	738.93	141.29	390	0
2076	5	18.03	7.33	751.28	85.01	390	0
2076	6	21.13	11	764.77	144.09	390	0
2076	7	25.67	15.39	838.34	97.21	390	0
2076	8	24.66	14.78	784.79	99	390	0
2076	9	18.97	9.44	725.48	101.54	390	0
2076	10	13.55	3.93	575.23	228.45	390	0
2076	11	7.19	-0.86	459.64	56.46	390	0
2076	12	1.46	-7.16	350.28	183.78	390	0
2077	1	0.24	-9.21	433.46	75.74	390	0
2077	2	3.97	-4.81	474.09	65.49	390	0
2077	3	7.54	-2.62	714.2	62.97	390	0
2077	4	11.18	1.45	734.61	155.91	390	0
2077	5	16.73	6.39	815.41	69.68	390	0
2077	6	23.05	12.01	841.93	112.27	390	0
2077	7	25.99	16.19	821.9	78.31	390	0
2077	8	24.87	14.85	823.16	83.79	390	0
2077	9	21.02	10.37	709.79	127.81	390	0
2077	10	14.39	5.22	556.81	185.98	390	0
2077	11	8.37	-0.1	454.31	155.3	390	0
2077	12	4.16	-2.48	358.24	56.84	390	0
2078	1	-1.08	-10.54	428.76	80.26	390	0
2078	2	0.38	-9.62	541.34	83.59	390	0
2078	3	5.19	-4.09	660.04	205.08	390	0
2078	4	12	2.02	722.17	145.58	390	0
2078	5	15.75	6.55	671.57	118.56	390	0
2078	6	21.04	10.76	873.05	41.15	390	0
2078	7	22.85	13.34	789.78	89.09	390	0
2078	8	23.22	12.5	855.58	80.28	390	0
2078	9	20.86	10.74	729.62	116.1	390	0
2078	10	15.15	6.08	502.45	155.71	390	0
2078	11	9.59	0.97	495.29	61.33	390	0
2078	12	0.87	-8.64	352.89	82.53	390	0
2079	1	0.24	-9.21	433.46	75.74	390	0
2079	2	3.97	-4.81	474.09	65.49	390	0
2079	3	7.54	-2.62	714.2	62.97	390	0
2079	4	11.18	1.45	734.61	155.91	390	0
2079	5	16.73	6.39	815.41	69.68	390	0
2079	6	23.05	12.01	841.93	112.27	390	0
2079	7	25.99	16.19	821.9	78.31	390	0
2079	8	24.87	14.85	823.16	83.79	390	0
2079	9	21.02	10.37	709.79	127.81	390	0
2079	10	14.39	5.22	556.81	185.98	390	0
2079	11	8.37	-0.1	454.31	155.3	390	0
2079	12	4.16	-2.48	358.24	56.84	390	0
2080	1	-0.9	-10.52	411.79	66.81	390	0
2080	2	1.43	-8.04	543.03	74.75	390	0
2080	3	4.16	-5.1	720.92	69.58	390	0
2080	4	11.96	2.22	705.04	131.75	390	0
2080	5	16.21	6.27	753.39	85.49	390	0
2080	6	20.73	10.52	846.03	95.52	390	0
2080	7	23.8	13.49	858.21	50.21	390	0
2080	8	21.66	11.84	789.16	62.5	390	0
2080	9	20.27	10.92	690.98	183.26	390	0
2080	10	13.29	3.87	560.97	141.07	390	0
2080	11	7.87	-0.64	428.22	170.53	390	0
2080	12	4.1	-4.27	331.44	195.95	390	0
2081	1	-2.24	-13.48	382.11	152.19	390	0
2081	2	-1.73	-13.01	546.53	50.59	390	0
2081	3	5.58	-3.48	668.39	72.88	390	0
2081	4	9.45	0.4	784.54	68.32	390	0
2081	5	17.77	6.62	818.91	51.2	390	0
2081	6	22.27	11.75	836.6	33.86	390	0
2081	7	23.95	13.93	812.03	64.32	390	0
2081	8	24.41	13.06	848.5	54.08	390	0
2081	9	19.26	8.86	725.09	77.88	390	0
2081	10	13	2.84	641.65	19	390	0
2081	11	8.59	-0.68	447.2	185.79	390	0
2081	12	4.1	-3.66	366.39	127.53	390	0
2082	1	-1.08	-10.54	428.76	80.26	390	0
2082	2	0.38	-9.62	541.34	83.59	390	0
2082	3	5.19	-4.09	660.04	205.08	390	0
2082	4	12	2.02	722.17	145.58	390	0
2082	5	15.75	6.55	671.57	118.56	390	0
2082	6	21.04	10.76	873.05	41.15	390	0
2082	7	22.85	13.34	789.78	89.09	390	0
2082	8	23.22	12.5	855.58	80.28	390	0
2082	9	20.86	10.74	729.62	116.1	390	0
2082	10	15.15	6.08	502.45	155.71	390	0
2082	11	9.59	0.97	495.29	61.33	390	0
2082	12	0.87	-8.64	352.89	82.53	390	0
2083	1	0.96	-9.05	413.09	52.79	390	0
2083	2	4.97	-4	570.94	33.68	390	0
2083	3	7.22	-2.37	674.85	96.64	390	0
2083	4	12.62	1.85	837.64	54.12	390	0
2083	5	17.86	6.64	898.05	67.38	390	0
2083	6	22.71	11.33	927.23	74.93	390	0
2083	7	25.21	15.05	788.68	113.99	390	0
2083	8	26.98	15.09	882.38	34.04	390	0
2083	9	19.7	9.77	743.35	61.86	390	0
2083	10	15.89	6.02	563.35	18.08	390	0
2083	11	9.49	0.48	453.56	90.72	390	0
2083	12	2.94	-6.52	352.48	121.31	390	0
2084	1	-0.89	-11.01	448.66	78.51	390	0
2084	2	0.5	-10.54	573.39	50.2	390	0
2084	3	4.94	-3.76	705.15	79.58	390	0
2084	4	12	1.56	795.86	112.84	390	0
2084	5	14.74	5.28	774.68	109.53	390	0
2084	6	20.42	11.02	752.14	172.35	390	0
2084	7	25.32	14.72	846.19	47.3	390	0
2084	8	25.87	14.41	872.64	42.07	390	0
2084	9	22.63	11.12	739.08	62.23	390	0
2084	10	16.35	5.82	569.53	110.77	390	0
2084	11	10.54	0.86	482.22	31.22	390	0
2084	12	3.29	-6.65	337.22	145.82	390	0
2085	1	-0.47	-11.53	396.18	93.29	390	0
2085	2	3.09	-7.41	529.84	28.64	390	0
2085	3	5.1	-4.11	603.61	193.02	390	0
2085	4	13.15	1.71	792.37	81.93	390	0
2085	5	17.31	6.65	823.03	81.54	390	0
2085	6	21.63	11.85	768.1	220.37	390	0
2085	7	26.13	14.84	889.9	82.29	390	0
2085	8	25.07	14.51	848.76	81.24	390	0
2085	9	22.28	12.6	635.88	104.37	390	0
2085	10	14.4	4.88	599.77	125.35	390	0
2085	11	8.98	-0.3	393.85	95.43	390	0
2085	12	4.68	-3.82	333.47	133.76	390	0
2086	1	-2.24	-13.48	382.11	152.19	390	0
2086	2	-1.73	-13.01	546.53	50.59	390	0
2086	3	5.58	-3.48	668.39	72.88	390	0
2086	4	9.45	0.4	784.54	68.32	390	0
2086	5	17.77	6.62	818.91	51.2	390	0
2086	6	22.27	11.75	836.6	33.86	390	0
2086	7	23.95	13.93	812.03	64.32	390	0
2086	8	24.41	13.06	848.5	54.08	390	0
2086	9	19.26	8.86	725.09	77.88	390	0
2086	10	13	2.84	641.65	19	390	0
2086	11	8.59	-0.68	447.2	185.79	390	0
2086	12	4.1	-3.66	366.39	127.53	390	0
2087	1	-1.14	-11.45	410.99	94.46	390	0
2087	2	1.11	-9.15	553.16	47.93	390	0
2087	3	7.4	-1.28	621.98	146.44	390	0
2087	4	11.57	1.85	723.61	97.84	390	0
2087	5	18.36	7.99	696.2	163.12	390	0
2087	6	24.34	12.56	899.93	168.91	390	0
2087	7	25.07	14.27	837.16	125.88	390	0
2087	8	25.19	14.27	884.19	31.41	390	0
2087	9	20.83	9.84	760.64	87.54	390	0
2087	10	14.03	3.63	621.13	39.86	390	0
2087	11	7.19	-1.85	491.27	144.33	390	0
2087	12	4.1	-5.59	373.18	106.63	390	0
2088	1	-0.25	-8.39	384.24	94.53	390	0
2088	2	0.07	-11.19	495.37	252.54	390	0
2088	3	4.45	-5.43	672.78	78.15	390	0
2088	4	9.65	0.93	680.16	174.09	390	0
2088	5	19.55	7.83	907.9	52.91	390	0
2088	6	23.03	12.12	870.59	63.19	390	0
2088	7	25.76	14.53	859.13	81.25	390	0
2088	8	23.41	13.41	818.13	149.83	390	0
2088	9	21.04	10.05	708.51	135.6	390	0
2088	10	15.27	4.64	632.49	89.69	390	0
2088	11	9.02	-0.23	468.66	104.53	390	0
2088	12	4.6	-4.82	379.5	61.76	390	0
2089	1	0.24	-9.21	433.46	75.74	390	0
2089	2	3.97	-4.81	474.09	65.49	390	0
2089	3	7.54	-2.62	714.2	62.97	390	0
2089	4	11.18	1.45	734.61	155.91	390	0
2089	5	16.73	6.39	815.41	69.68	390	0
2089	6	23.05	12.01	841.93	112.27	390	0
2089	7	25.99	16.19	821.9	78.31	390	0
2089	8	24.87	14.85	823.16	83.79	390	0
2089	9	21.02	10.37	709.79	127.81	390	0
2089	10	14.39	5.22	556.81	185.98	390	0
2089	11	8.37	-0.1	454.31	155.3	390	0
2089	12	4.16	-2.48	358.24	56.84	390	0
2090	1	-3.56	-14.31	425.02	78.81	390	0
2090	2	-0.53	-11.74	578.97	30.07	390	0
2090	3	6.52	-2.49	666.02	112.88	390	0
2090	4	10.02	0.78	754.16	192.41	390	0
2090	5	17.77	6.56	892.71	89.29	390	0
2090	6	22.69	11.14	887.96	96	390	0
2090	7	23.65	13.61	840.65	69.76	390	0
2090	8	24.99	14.17	866.4	65.99	390	0
2090	9	19.93	10.6	655.6	142.55	390	0
2090	10	13.9	4.15	607.22	26.25	390	0
2090	11	8.63	-0.68	485.57	63.82	390	0
2090	12	4.14	-4.84	378.84	120.38	390	0
2091	1	3.86	-5.71	384.47	125.49	390	0
2091	2	4.45	-5.16	546.18	42.85	390	0
2091	3	7.97	-2.07	711.76	75.66	390	0
2091	4	11.84	1.33	793.93	55.31	390	0
2091	5	18.45	7.31	798.59	158.29	390	0
2091	6	22.68	12.09	781.6	201.62	390	0
2091	7	24.19	14.12	824.38	211.91	390	0
2091	8	23.76	13.63	760.68	110.89	390	0
2091	9	19.84	10.12	741.12	88.18	390	0
2091	10	14.44	4.51	543.34	115.66	390	0
2091	11	10.59	1.31	431.88	80.82	390	0
2091	12	0.03	-9.38	429.86	35.37	390	0
2092	1	2.32	-8.02	390.03	200.13	390	0
2092	2	0.79	-11.19	513.96	48.54	390	0
2092	3	4.49	-4.45	703.11	71.71	390	0
2092	4	11.32	0.8	817.99	50.25	390	0
2092	5	15.9	6.09	835.14	66.17	390	0
2092	6	23.39	11.81	931.79	40.87	390	0
2092	7	26.85	14.89	882.05	65.8	390	0
2092	8	25.32	15.09	728.83	111.58	390	0
2092	9	20.16	10.43	641.89	270.53	390	0
2092	10	14.54	4.91	616.02	33.75	390	0
2092	11	7.16	-1.82	433	170.3	390	0
2092	12	5.8	-3.29	392.46	29.13	390	0
2093	1	3.01	-5.51	362.34	114.72	390	0
2093	2	-1.32	-11.14	572.26	18.11	390	0
2093	3	5.05	-4.07	595.45	192.48	390	0
2093	4	11.73	1.61	757.43	193.86	390	0
2093	5	18.26	7.33	749.17	134.54	390	0
2093	6	20.93	10.52	853.94	103.92	390	0
2093	7	25.24	14.76	805.4	88.14	390	0
2093	8	23.45	13.36	814.92	94.84	390	0
2093	9	19.59	9.37	719.6	47.66	390	0
2093	10	14.77	4.73	636.51	41.26	390	0
2093	11	7.65	-0.53	442.06	199.69	390	0
2093	12	4.21	-3.24	348.73	186.4	390	0
2094	1	0.61	-7.73	399.78	104.94	390	0
2094	2	2.58	-6.26	427.4	141.23	390	0
2094	3	5.76	-3.68	666.71	90.14	390	0
2094	4	11.2	1.06	746.02	90.24	390	0
2094	5	17.81	6.42	825.87	131.29	390	0
2094	6	22.78	11.89	873.54	78.42	390	0
2094	7	25.68	14.94	867.45	108.31	390	0
2094	8	25.14	14.44	791.36	119.33	390	0
2094	9	20.09	10.11	676.97	64.08	390	0
2094	10	12.82	3.56	566.2	150.94	390	0
2094	11	8.67	-0.31	465.35	148.88	390	0
2094	12	3.16	-5.23	408.62	130.21	390	0
2095	1	0.01	-8.99	382.83	132.82	390	0
2095	2	1.81	-8.97	501.78	96.17	390	0
2095	3	4.45	-5.79	608.83	150.8	390	0
2095	4	10.25	0.2	809.68	44.43	390	0
2095	5	17.83	6.66	858.3	106.38	390	0
2095	6	23.3	11.73	918.54	72.16	390	0
2095	7	26.5	15.86	819.13	75.72	390	0
2095	8	26.21	14.61	830.07	68.24	390	0
2095	9	21.17	10.32	773.64	44.91	390	0
2095	10	12.89	3.24	585.13	128.1	390	0
2095	11	9.22	1.13	429.1	107.63	390	0
2095	12	5.79	-2.77	399.81	152.6	390	0
2096	1	2.08	-7.2	388.51	147.98	390	0
2096	2	1.14	-8.6	560.89	66.4	390	0
2096	3	5.55	-3.18	635.11	98.4	390	0
2096	4	12.15	2.08	758.97	86.7	390	0
2096	5	15.82	5.69	829.38	117.76	390	0
2096	6	22.18	12.13	775.29	147.59	390	0
2096	7	25.51	14.58	892.09	56.11	390	0
2096	8	24.51	14.28	835.48	38	390	0
2096	9	21.08	11.05	715.71	127.33	390	0
2096	10	14.66	4.99	603.25	101.4	390	0
2096	11	7.1	-0.75	442.77	169.49	390	0
2096	12	1.45	-7.54	369.4	109.74	390	0
2097	1	-1.14	-11.45	410.99	94.46	390	0
2097	2	1.11	-9.15	553.16	47.93	390	0
2097	3	7.4	-1.28	621.98	146.44	390	0
2097	4	11.57	1.85	723.61	97.84	390	0
2097	5	18.36	7.99	696.2	163.12	390	0
2097	6	24.34	12.56	899.93	168.91	390	0
2097	7	25.07	14.27	837.16	125.88	390	0
2097	8	25.19	14.27	884.19	31.41	390	0
2097	9	20.83	9.84	760.64	87.54	390	0
2097	10	14.03	3.63	621.13	39.86	390	0
2097	11	7.19	-1.85	491.27	144.33	390	0
2097	12	4.1	-5.59	373.18	106.63	390	0
2098	1	-1.09	-11.39	467.56	52.84	390	0
2098	2	3.63	-5.47	422.43	170.63	390	0
2098	3	5.42	-4.13	729.01	103.52	390	0
2098	4	9.34	0.21	694.14	185.25	390	0
2098	5	18.3	7.07	829.32	50.07	390	0
2098	6	23.52	12.25	876.37	64	390	0
2098	7	26.02	15.2	863.48	51.6	390	0
2098	8	25.56	13.99	902.36	77.05	390	0
2098	9	21.2	10.71	689.22	196.08	390	0
2098	10	13.78	4.52	529.99	135.48	390	0
2098	11	6.75	-1.4	457.44	88.93	390	0
2098	12	3.69	-5.46	393.17	40.82	390	0
2099	1	-1.29	-11.24	425.1	33.94	390	0
2099	2	2.61	-6.39	498.52	75.33	390	0
2099	3	5.93	-3.45	747.94	85.5	390	0
2099	4	12.41	1.91	814.53	124.38	390	0
2099	5	16.8	6.13	903.58	80.34	390	0
2099	6	20.1	9.8	849.17	94.26	390	0
2099	7	24.47	14.14	795.12	88.09	390	0
2099	8	23.25	12.73	828.26	152.59	390	0
2099	9	19.44	8.69	759.78	136.32	390	0
2099	10	12.79	3.15	591.66	159.71	390	0
2099	11	9.53	0.26	446.82	102.28	390	0
2099	12	2.97	-7.11	412.2	58.91	390	0
2100-2200	1	-1.29	-11.24	425.1	33.94	390	0
2100-2200	2	2.61	-6.39	498.52	75.33	390	0
2100-2200	3	5.93	-3.45	747.94	85.5	390	0
2100-2200	4	12.41	1.91	814.53	124.38	390	0
2100-2200	5	16.8	6.13	903.58	80.34	390	0
2100-2200	6	20.1	9.8	849.17	94.26	390	0
2100-2200	7	24.47	14.14	795.12	88.09	390	0
2100-2200	8	23.25	12.73	828.26	152.59	390	0
2100-2200	9	19.44	8.69	759.78	136.32	390	0
2100-2200	10	12.79	3.15	591.66	159.71	390	0
2100-2200	11	9.53	0.26	446.82	102.28	390	0
2100-2200	12	2.97	-7.11	412.2	58.91	390	0
